0.036697, 0.00313302, -0.0105862, -0.0334681, -0.00243181, -0.00991701
0.0408562, 0.000876372, -0.00632728, -0.0368475, -0.000204803, -0.00574607
0.0387398, 0.000246602, -0.00578111, -0.0353457, 0.000175732, -0.00617189
0.0327434, -0.00140343, -0.0038074, -0.0297059, 0.00135741, -0.00385974
0.0252989, -0.00157497, -0.00275142, -0.0228448, 0.00147188, -0.00293492
0.0124572, -0.00167227, -0.00260261, -0.0111375, 0.00118591, -0.00265542
-0.00790417, -0.00143796, -0.00317308, 0.00661079, 0.000719831, -0.00247921
-0.020359, -0.00195452, -0.00202128, 0.0172842, 0.000671161, -0.00138313
-0.028505, -0.00168061, -0.0018078, 0.0250034, 0.000395105, -0.000949862
-0.0322893, -0.00158512, -0.00127368, 0.0278861, 0.000146196, -0.000439552
-0.0361769, -0.00134512, -0.00187491, 0.0316956, -0.000267489, -0.0010638
-0.033259, -0.00116527, -0.0013327, 0.0296327, -0.000458996, -0.00078833
-0.0291991, -0.00122059, -0.00100992, 0.026142, -0.000353022, -0.000542797
-0.0218877, -0.000731716, -0.00130423, 0.0198936, -0.000450792, -0.000958227
-0.0180438, 0.000663539, -0.000455114, 0.015331, -0.00160816, -9.23734e-05
-0.014156, 0.00235206, -0.000544946, 0.0120583, -0.00318804, -0.000254796
-0.0094887, 0.00303606, -0.000924661, 0.00760111, -0.00365823, -0.000669924
0.00283357, 0.00366441, -0.000895429, -0.00195164, -0.00363623, -0.000385429
0.0151187, 0.00315194, -4.54728e-05, -0.0157226, -0.00262335, 0.000186817
0.0246026, 0.00324665, 0.000332276, -0.0226613, -0.00262877, 7.39693e-05
0.0322105, 0.00292945, 0.000498258, -0.0298268, -0.00202756, 0.000503456
0.0371918, 0.00345284, 0.000657518, -0.035613, -0.00201421, 0.000190139
0.0383506, 0.00374804, -5.88554e-05, -0.03482, -0.0022636, -0.000307088
0.035192, 0.00277961, 8.53059e-05, -0.0312147, -0.00210159, -0.000485019
0.0304187, 0.00249569, -0.000672287, -0.0266215, -0.00197235, -0.00074088
0.0213497, 0.0024289, -0.00193738, -0.0179574, -0.00234911, -0.00248237
0.0139018, 0.000844677, -0.00128256, -0.0128408, -0.00167662, -0.000861133
0.00546893, 0.00229704, -0.00096675, -0.0052472, -0.00154023, -0.00111221
-0.00459533, 0.000961806, -0.0020752, 0.00368696, -0.00137986, -0.0015258
-0.0158901, 0.000945612, -0.00220106, 0.0120305, -0.00166324, -0.00129101
-0.0201955, 0.000263211, -0.00211916, 0.0169608, -0.00106212, -0.00153653
-0.0280943, 1.34778e-06, -0.00220779, 0.0240568, -0.00100084, -0.00124415
-0.0324781, -0.000310025, -0.00142272, 0.0288806, -0.00107432, -0.000234827
-0.0321214, -0.000901382, 0.000793999, 0.0284771, -0.000482773, 0.000959783
-0.0293022, -0.000585237, -0.00101128, 0.0261012, -0.000841599, -0.000680674
-0.0247074, -0.000999545, 0.000112992, 0.0221256, -0.000142453, 0.000609959
-0.0198223, -0.000609289, -0.00145273, 0.0181445, -0.000345036, -0.001004
-0.0152453, -0.000609781, -0.000892406, 0.0131657, -0.000100003, -0.000396152
-0.011599, -0.0010183, -0.00110929, 0.0101319, -3.59787e-05, -0.000697533
-0.00872687, -0.00120495, -4.73088e-05, 0.00657625, 0.000582486, 0.000553016
0.00196568, -0.000499311, -0.000842819, -0.00212951, 1.67414e-05, -0.000741792
0.018854, -0.000681862, -0.000474661, -0.0173521, 0.000816868, -0.00038063
0.0274805, 5.9359e-05, -0.00142592, -0.0253916, 0.000288621, -0.00145742
0.0348543, -0.000570541, 0.000766726, -0.0321121, 0.00098814, 0.000482162
0.0361794, -0.000597555, -0.000288866, -0.0322805, 0.00085809, -0.000575078
0.0357736, 0.000866546, -0.000203204, -0.0315273, -0.000122795, -0.00112132
0.028316, -0.000264284, 0.00250596, -0.0257756, 0.000554069, 0.00197856
0.0256011, -0.000854546, 0.00180333, -0.0235164, 0.00109536, 0.00124483
0.0179365, -0.000607836, 0.00270784, -0.0166624, 0.00017654, 0.00188348
0.0120436, 0.00057616, 0.00109794, -0.0106377, -6.60613e-05, 0.00113421
-0.00565652, -0.000746495, -0.000579288, 0.00339597, -0.00103321, -0.000655992
-0.0203177, 0.00191801, -0.00256315, 0.0180504, -0.00246817, -0.0016486
-0.0246798, 0.00135396, -0.00279253, 0.0209841, -0.00234118, -0.00204888
-0.0328217, 0.000917607, -0.00221216, 0.0287134, -0.00216352, -0.00130374
-0.0328557, 0.00117789, -0.00165619, 0.0288006, -0.00241473, -0.00092199
-0.0310541, 0.000350487, 0.000370666, 0.0275441, -0.00160808, 0.000994851
-0.0280576, 0.0009854, 3.73536e-05, 0.0247515, -0.00208998, 0.000441133
-0.0206235, 0.00272787, 0.00171905, 0.0174423, -0.00382771, 0.00122289
-0.0151441, 0.00483884, 0.00236719, 0.0121882, -0.00506559, 0.0029372
-0.00551628, 0.00687103, 0.00145774, 0.00455284, -0.00671956, 0.00152047
0.00734265, 0.00709268, 0.00581176, -0.00726305, -0.00629362, 0.0056117
0.015285, 0.00802226, 0.00720071, -0.0141665, -0.00683241, 0.00668736
0.0197222, 0.00711299, 0.0115458, -0.018319, -0.00582415, 0.0103732
0.0234246, 0.00638137, 0.0156132, -0.0217521, -0.00502716, 0.0140066
0.025501, 0.00692701, 0.0160995, -0.0234274, -0.00530091, 0.0144178
0.0270132, 0.00825949, 0.0117609, -0.0248425, -0.00674837, 0.0106128
0.0252043, 0.00893091, 0.0104617, -0.0236416, -0.00742086, 0.00935204
0.0221848, 0.0102691, 0.00629405, -0.0208268, -0.00860207, 0.00609242
0.0162111, 0.0107111, 0.00278744, -0.0155541, -0.00939634, 0.00265671
0.00967768, 0.00913386, 0.00318853, -0.00912925, -0.00826411, 0.00312395
0.00177168, 0.0102356, -0.00485215, -0.000267537, -0.00993692, -0.00405646
-0.0135153, 0.0101688, -0.00866633, 0.0112631, -0.0101736, -0.00691132
-0.0206557, 0.00986406, -0.0094911, 0.0180502, -0.0101979, -0.00821294
-0.0265569, 0.00756579, -0.00660826, 0.0232145, -0.00816918, -0.00518486
-0.0296028, 0.00594395, -0.00520467, 0.0260994, -0.00666905, -0.00397182
-0.0275999, 0.00498393, -0.00372081, 0.0240641, -0.00580667, -0.00265406
-0.0247929, 0.00398823, -0.00210448, 0.0214684, -0.00394296, -0.000824163
-0.0197545, 0.00265633, -0.00117389, 0.016992, -0.00348467, -0.000552884
-0.0151147, 0.00194811, -0.000333916, 0.0130073, -0.00262122, 4.07644e-05
-0.0105557, 0.00139756, 0.00206407, 0.00906849, -0.00188513, 0.00231435
-0.000883834, 0.00255834, 0.00229781, 0.000575011, -0.00279787, 0.0022935
0.0142198, 0.00433263, 0.00170749, -0.0130782, -0.00382061, 0.00152304
0.0265475, 0.00531573, 0.0030391, -0.0234392, -0.00480629, 0.00153683
0.0329358, 0.00688797, 0.0033154, -0.0287282, -0.00595069, 0.00248313
0.0352419, 0.00871098, 0.00327192, -0.0318665, -0.0072341, 0.0025889
0.0337388, 0.00955672, 0.00418035, -0.0311518, -0.00829226, 0.00321165
0.0279763, 0.0103907, 0.00391697, -0.0259146, -0.00883399, 0.00372421
0.0181134, 0.0123587, 0.00254633, -0.0171395, -0.0103372, 0.00303275
0.00839784, 0.0116673, 0.00393544, -0.00786438, -0.0110865, 0.00373792
-0.00102306, 0.0121608, 0.00431762, -0.000249641, -0.0113479, 0.00436014
-0.0125658, 0.0118406, 0.00717559, 0.00927341, -0.0111626, 0.00683312
-0.0185303, 0.0123625, 0.00584499, 0.0150311, -0.0118864, 0.0057028
-0.0203385, 0.01287, 0.00296161, 0.0162896, -0.0125304, 0.00349451
-0.0191277, 0.0140171, 0.00132297, 0.0161487, -0.0134047, 0.00200199
-0.0207343, 0.0144326, 0.000576422, 0.0169693, -0.0135964, 0.00139075
-0.0210998, 0.0148267, 0.000621079, 0.0175371, -0.0140535, 0.00164892
-0.0212534, 0.0146507, 0.0010583, 0.0177313, -0.0138529, 0.00186553
-0.0194338, 0.014207, 0.00232686, 0.0161448, -0.0136954, 0.00308759
-0.0139026, 0.0144373, 0.00162725, 0.0110687, -0.0136862, 0.00193955
0.000870361, 0.0129791, 0.00499621, -0.00176835, -0.0116413, 0.0052446
0.0127994, 0.0133684, 0.00419145, -0.0122854, -0.0123036, 0.00357636
0.0205592, 0.0127155, 0.00498564, -0.0193985, -0.0113648, 0.00424793
0.0247387, 0.0126924, 0.00462014, -0.0227326, -0.011594, 0.0042397
0.027008, 0.0134849, 0.00434729, -0.0242624, -0.0115889, 0.00461258
0.0245511, 0.0137891, 0.00562153, -0.0231511, -0.012195, 0.00477404
0.0172614, 0.0137639, 0.00587922, -0.0163308, -0.0124548, 0.00517387
0.00665067, 0.0149029, 0.00435143, -0.00660313, -0.0136199, 0.00418643
-0.00183666, 0.0133085, 0.00986695, 0.000109177, -0.0121649, 0.00955098
-0.0115681, 0.0135316, 0.010131, 0.00919076, -0.0131538, 0.00990001
-0.0148221, 0.0136398, 0.011825, 0.0119393, -0.0129032, 0.0115024
-0.0170277, 0.0159526, 0.00899825, 0.0137199, -0.0150221, 0.00876214
-0.020324, 0.0170869, 0.00733888, 0.0168666, -0.0162326, 0.00744806
-0.0220813, 0.0187089, 0.00388896, 0.0185106, -0.0177188, 0.00448939
-0.0230886, 0.0198911, 0.00292135, 0.0192354, -0.0193511, 0.00333391
-0.0216532, 0.0223301, 0.000780038, 0.0176707, -0.0207634, 0.00138886
-0.015405, 0.0225578, 0.000170841, 0.0132741, -0.0211087, 0.00104838
-0.00773007, 0.0215805, 0.00305476, 0.00559331, -0.0200454, 0.00316211
-0.00110037, 0.0209395, 0.00384799, -0.000384387, -0.0188312, 0.00433523
0.00997088, 0.0201511, 0.00554433, -0.00971128, -0.0170887, 0.00487322
0.0206904, 0.017932, 0.00720528, -0.0189652, -0.0155087, 0.00606821
0.0295019, 0.0159387, 0.0074664, -0.0266597, -0.0144454, 0.00664725
0.0282569, 0.0166948, 0.00753298, -0.02629, -0.0143408, 0.00657798
0.0243988, 0.0170402, 0.00689588, -0.0227463, -0.0144341, 0.00615215
0.0167646, 0.0173613, 0.00700054, -0.0155169, -0.0149114, 0.00633518
0.00637317, 0.0168366, 0.00615905, -0.00684161, -0.0153881, 0.00588897
0.00163019, 0.016691, 0.00496042, -0.0031286, -0.0154794, 0.00548653
-0.00187734, 0.0170576, 0.00522196, -0.000271812, -0.0158674, 0.00563066
-0.00194608, 0.0171933, 0.00620559, -0.000193255, -0.0159552, 0.00623883
-0.00501321, 0.0162541, 0.00953723, 0.00237154, -0.0153133, 0.00879508
-0.00828512, 0.0146188, 0.0166096, 0.0068895, -0.0135621, 0.0150412
-0.0122744, 0.0151032, 0.0175754, 0.00881174, -0.0132774, 0.0168039
-0.0108267, 0.0144198, 0.0182326, 0.00800037, -0.0130255, 0.0168938
-0.0105135, 0.0144888, 0.0173972, 0.00825267, -0.0135894, 0.0166925
-0.014532, 0.0165091, 0.0169395, 0.010822, -0.0141623, 0.0153527
-0.01761, 0.0165067, 0.00984252, 0.0136557, -0.0160333, 0.00987321
-0.0128398, 0.0211039, 0.00386422, 0.0126454, -0.0191336, 0.00298492
-0.0122487, 0.021915, -0.00471843, 0.0101766, -0.020991, -0.00322639
-0.00685013, 0.0232973, -0.00799962, 0.00504135, -0.0216206, -0.00649759
-0.00256912, 0.0218084, -0.00636798, 0.000440249, -0.0203714, -0.00564462
0.000694233, 0.0235173, -0.00670208, -0.00457381, -0.0185772, -0.00490224
0.0133645, 0.022238, -0.0117476, -0.012629, -0.0190264, -0.0109618
0.0187989, 0.017459, -0.0110181, -0.0140041, -0.0173159, -0.0101685
0.0130225, 0.0173907, -0.00831669, -0.0121077, -0.0150846, -0.00719754
0.0115189, 0.0140067, -0.0014364, -0.0109244, -0.0120809, -0.00106028
0.0116291, 0.0114796, 0.00326426, -0.011571, -0.00960756, 0.00322645
0.0135658, 0.00826805, 0.00809102, -0.0118626, -0.00785405, 0.00583606
0.0124104, 0.00692402, 0.0106462, -0.0118982, -0.00575692, 0.0096527
0.0136948, 0.00654334, 0.0105157, -0.0132349, -0.00548767, 0.00951295
0.0130893, 0.00717354, 0.00843945, -0.0127852, -0.00624996, 0.00761314
0.00834784, 0.00755287, 0.00830424, -0.00861997, -0.00610355, 0.00713822
0.00400883, 0.0063053, 0.00622514, -0.00380816, -0.00671684, 0.00597507
-0.00639078, 0.00634538, 0.00728559, 0.00484008, -0.00621983, 0.00690299
-0.0157972, 0.0075378, 0.00336138, 0.0131015, -0.00754512, 0.00334069
-0.0233345, 0.0086448, 0.00153881, 0.0198887, -0.00870693, 0.00199779
-0.0251578, 0.00872818, -0.00023824, 0.0204297, -0.00905515, 0.00145531
-0.0229595, 0.00993058, 0.000598088, 0.0198073, -0.00978006, 0.00155768
-0.0212267, 0.00967606, 0.00308335, 0.0180715, -0.00974001, 0.00313601
-0.0176835, 0.00922048, 0.0056396, 0.015499, -0.00913725, 0.00576918
-0.0117352, 0.0096871, 0.00718465, 0.00944858, -0.00934305, 0.00656228
-0.00476071, 0.0107169, 0.00737669, 0.00354536, -0.00958639, 0.00721273
0.00700964, 0.00915959, 0.00740204, -0.00688915, -0.0105145, 0.00677656
0.0117714, 0.0132805, 0.00366473, -0.0114746, -0.0119323, 0.00329102
0.0153412, 0.013569, 0.0040227, -0.0149286, -0.0121858, 0.00381517
0.0167554, 0.0140109, 0.00256268, -0.0160539, -0.0124262, 0.00240274
0.0172532, 0.0134492, 0.00337356, -0.0165772, -0.0119019, 0.00328985
0.0152859, 0.0124563, 0.0041503, -0.0145204, -0.0113692, 0.00384497
0.017621, 0.0118691, 0.00276266, -0.016167, -0.0114035, 0.00263031
0.0144023, 0.0120328, 0.00393452, -0.0138757, -0.0107021, 0.00376899
0.0147073, 0.0115146, 0.00465136, -0.0143023, -0.0103198, 0.00448336
0.0122239, 0.0102984, 0.00711675, -0.0116993, -0.00907044, 0.00654522
0.00377534, 0.00781224, 0.0109015, -0.0042478, -0.00699629, 0.0101241
-0.00964192, 0.00406146, 0.0145861, 0.00786081, -0.00501596, 0.0124176
-0.0145839, 0.00361542, 0.0130833, 0.0122028, -0.00387974, 0.0120982
-0.0157631, 0.00205003, 0.0121618, 0.0133256, -0.00244722, 0.0112471
-0.0152635, 0.000972361, 0.014357, 0.0129064, -0.00132102, 0.0130864
-0.0126029, 0.00160306, 0.0153949, 0.0104685, -0.00175107, 0.0140102
-0.010289, 0.00130711, 0.0165411, 0.00844212, -0.00195991, 0.0148682
-0.00740141, 0.00182091, 0.0183431, 0.00588858, -0.00191707, 0.0169186
-0.00729742, 0.00214161, 0.0160079, 0.00580212, -0.00219709, 0.0147122
-0.00591262, 0.00173223, 0.0133749, 0.00447842, -0.0017225, 0.0122483
-0.00499464, 0.00378148, 0.00616605, 0.00386102, -0.00370405, 0.00584346
-0.00456851, 0.00767253, -0.00862057, 0.00383165, -0.00759456, -0.00748688
-0.00344448, 0.010905, -0.0229237, 0.00283964, -0.0113177, -0.0200945
-0.00871907, 0.0122018, -0.02405, 0.00720839, -0.0113984, -0.0207131
-0.00800865, 0.0108942, -0.0243404, 0.00647946, -0.0109926, -0.021542
-0.00715485, 0.0103345, -0.0232895, 0.00647047, -0.010072, -0.0203968
-0.00632464, 0.00815035, -0.0168626, 0.00528616, -0.00799182, -0.0147435
-0.00586367, 0.00413109, -0.00702579, 0.0047907, -0.00436802, -0.00586712
-0.00361695, 0.0019969, -0.00184624, 0.00300716, -0.0024156, -0.00152516
-0.00053765, 0.000838999, 0.000518089, 0.000224044, -0.00157663, 0.000319191
0.00440679, 0.000913635, 0.00297829, -0.00440317, -0.000571676, 0.0028624
0.00751852, 0.000429401, 0.00324906, -0.00749361, -0.000642383, 0.00293557
0.0113706, 0.000623166, 0.00209788, -0.0109, -0.000625574, 0.00192443
0.0127089, 0.000842103, 0.00228779, -0.0127363, -0.000709457, 0.00191776
0.0135265, 0.000323732, 0.00151105, -0.0122559, -0.000895176, 0.00107184
0.00899555, 0.00154451, -0.000179815, -0.00909617, -0.00128823, -0.00035417
0.00757626, 0.00218723, -0.00100908, -0.00723843, -0.00189681, -0.000868844
0.00512412, 0.00116432, -0.000932506, -0.00531137, -0.00153993, -0.000909333
0.00189676, 0.00242134, -0.00416105, -0.00253048, -0.00268076, -0.00374407
0.000544588, 0.00432688, -0.00869414, -0.00123667, -0.00449477, -0.00771074
-0.0014987, 0.0040063, -0.00938552, 0.00090841, -0.00431274, -0.00843957
-0.00196025, 0.00313417, -0.00687505, 0.00147481, -0.00346793, -0.00604656
-0.00275863, 0.000640255, 0.000488231, 0.00210768, -0.000943282, 0.000708365
0.000180633, -0.0010241, 0.00439836, -0.000758399, 0.000724988, 0.00410369
0.000274437, -0.00198865, 0.00521405, -0.00109831, 0.000465991, 0.00465265
0.0013644, -0.000751586, 0.00495595, -0.00155301, 0.00025356, 0.00446305
0.000327417, 0.000334367, 0.00370349, -0.000883927, -0.000590906, 0.00340315
-0.000909134, 0.00081063, 0.00281536, 0.000265359, -0.00112357, 0.00266297
-0.00300873, 0.0014576, 0.0015131, 0.00216514, -0.00176526, 0.00161177
-0.00545914, 0.00192549, -6.8273e-05, 0.00437275, -0.00231172, 0.00018985
-0.0059866, 0.00140055, -0.000617221, 0.00484494, -0.0020499, -5.45553e-05
-0.00496042, 0.00178007, -0.000559153, 0.00394183, -0.00230837, -0.000480061
-0.00292891, 0.00204072, -0.00110455, 0.00226946, -0.00235207, -0.000817674
0.000311706, 0.00210168, -0.000635324, -0.00072948, -0.00232974, -0.000335088
0.00256755, 0.00222523, -0.00158717, -0.0029292, -0.0025006, -0.00143074
0.00316205, 0.00265845, -0.00162386, -0.00320372, -0.00285391, -0.0015145
0.00369233, 0.0020238, 0.000941582, -0.00381586, -0.00218336, 0.00093369
0.00394505, 0.00174067, 0.00224109, -0.00409407, -0.00183, 0.00213461
0.00257409, 0.00192913, 0.00207978, -0.00288949, -0.0020671, 0.00198368
0.00155144, 0.00194546, 0.00229406, -0.00185596, -0.00208287, 0.00225342
0.00179203, 0.00214267, 0.00154771, -0.00226606, -0.00223059, 0.0016588
0.00144323, 0.00221266, 0.00153232, -0.00214972, -0.00244763, 0.00139259
0.00180856, 0.00123513, 0.00320263, -0.00226393, -0.00136449, 0.00307349
0.00141769, 0.00226043, 0.000676393, -0.00177892, -0.00243141, 0.000685729
0.000671817, 0.00124652, 0.00316855, -0.00108102, -0.00139318, 0.00306486
0.000922387, 0.00088862, 0.00350112, -0.00144717, -0.00119188, 0.00313483
0.000245215, -0.000364335, 0.00233785, -0.000794804, -0.000352684, 0.00213038
0.000944716, -0.00249828, 0.00135505, -0.0012935, 0.00165679, 0.00112255
0.000631152, -0.00388415, -0.00101744, -0.000910808, 0.00297782, -0.000996275
0.00131369, -0.00492193, -0.00380778, -0.00154377, 0.00379349, -0.00359122
-5.33476e-06, -0.00674728, -0.00433636, -2.52899e-05, 0.00558071, -0.0039241
-0.000214887, -0.00787478, -0.00488533, 0.000480066, 0.00656804, -0.00446879
0.000383282, -0.00930412, -0.00583337, -0.00065465, 0.00713786, -0.00542854
-0.000273902, -0.0101157, -0.00502113, 4.90427e-05, 0.00855637, -0.00455226
0.000274162, -0.0107411, -0.00490671, -0.000368916, 0.00899515, -0.0046013
-0.000402771, -0.0114152, -0.00345805, 0.000344322, 0.00970174, -0.00329372
-0.000206934, -0.0103989, -0.00307354, 0.000199069, 0.0086615, -0.00290098
-0.000647768, -0.00931776, -0.00165989, 0.0004382, 0.00781364, -0.00175237
-0.000373194, -0.00960146, 0.0030941, -0.000359592, 0.00789076, 0.00264986
-0.00094315, -0.00853437, 0.0049855, 0.000381167, 0.00763044, 0.00427433
-0.00108816, -0.00756104, 0.00572446, 0.000434006, 0.00640976, 0.00495781
-0.00117327, -0.00651073, 0.00509231, 0.000496717, 0.00548339, 0.00447131
-0.000751421, -0.0051022, 0.00452505, 0.000225104, 0.00421181, 0.00401965
-0.000933498, -0.00349729, 0.0035788, 0.000354752, 0.00298944, 0.00333433
-0.000506724, -0.00332593, 0.00293705, 3.81691e-05, 0.00253468, 0.00272776
-0.000107644, -0.00252733, 0.00336278, -0.000473681, 0.00184727, 0.00288818
-0.000112257, -0.00307722, 0.00563334, -0.000333517, 0.00247218, 0.00512446
0.00152446, -0.00215512, 0.00476695, -0.00190827, 0.00163394, 0.0043469
0.00372583, -0.00119541, 0.00343248, -0.0039857, 0.000778984, 0.00306627
0.00394357, -7.49549e-05, 0.00180778, -0.0041325, 2.86963e-05, 0.00169896
0.00584176, 0.00176997, -0.00353037, -0.00605319, -0.00202335, -0.00332344
0.00574981, 0.00357068, -0.00739816, -0.00552023, -0.003715, -0.00652999
0.00590198, 0.00560676, -0.0125008, -0.00531399, -0.00557547, -0.0111269
0.00445631, 0.00466692, -0.0105676, -0.00438717, -0.00479561, -0.00937432
0.00498103, 0.00446662, -0.00925247, -0.00520096, -0.00453799, -0.00815067
0.00491931, 0.00346103, -0.00648364, -0.00492052, -0.00357803, -0.00562491
0.00303931, 0.00104777, -0.00392171, -0.00292311, -0.00170351, -0.00350883
0.00268725, -0.000831396, -0.00319732, -0.00251495, 0.000198156, -0.00300506
0.0017348, -0.0033226, -0.00152993, -0.00206398, 0.00252098, -0.00144631
-0.00253192, -0.00458449, -0.00234174, 0.0018553, 0.00351104, -0.00202916
-0.00890391, -0.00573071, -0.00247307, 0.00773311, 0.00426398, -0.00200636
-0.00866325, -0.00647536, -0.00277215, 0.00696829, 0.00534509, -0.00249943
-0.0113615, -0.00789112, -0.000728176, 0.00958697, 0.00630933, -0.00052282
-0.0130489, -0.00808691, -0.00265873, 0.0114473, 0.00636743, -0.00234068
-0.0139386, -0.00929382, -0.00217755, 0.0120447, 0.00728088, -0.00194383
-0.0131624, -0.0101883, -0.00249436, 0.0117568, 0.00832437, -0.00209215
-0.010577, -0.0111125, -0.0033177, 0.00910415, 0.00912077, -0.00298823
-0.00862822, -0.0118512, -0.0036821, 0.00726919, 0.00977824, -0.00349074
-0.00595509, -0.0124163, -0.00504148, 0.00539629, 0.0102634, -0.00487606
-0.00386842, -0.0132901, -0.00584464, 0.00356023, 0.0110905, -0.00564041
-0.00207632, -0.0135162, -0.00693966, 0.00173391, 0.0113746, -0.00647261
-0.00267441, -0.0138096, -0.00742315, 0.00236416, 0.0116599, -0.00680019
-0.00158373, -0.0133932, -0.00633216, 0.00141309, 0.0114801, -0.0058974
0.000295513, -0.0122755, -0.00651274, -0.000387781, 0.0103537, -0.00620809
-0.00127586, -0.010589, -0.00607055, 0.00125672, 0.00891846, -0.00562133
-0.00110588, -0.00862408, -0.0047045, 0.000949364, 0.00723192, -0.00431135
-0.0010131, -0.00754593, -0.00384829, 0.000729733, 0.00634455, -0.00349686
-0.000860528, -0.00586781, -0.00347413, 0.000488221, 0.00475174, -0.00318847
-0.000544628, -0.00454547, -0.00330686, 0.000223083, 0.00359181, -0.00308335
0.00239299, -0.00310026, -0.00311337, -0.00271398, 0.00245063, -0.00274538
0.00767269, -0.00262431, -0.00230896, -0.00722847, 0.00188838, -0.00216407
0.0120215, -0.00258532, -0.00315514, -0.011241, 0.00225369, -0.00306939
0.0104348, -0.00337425, -0.00306975, -0.00989591, 0.0028443, -0.00288121
0.0097638, -0.00380983, -0.00365518, -0.0091383, 0.00321532, -0.00348255
0.00801983, -0.00586892, 0.000821097, -0.00754989, 0.00511172, 0.000570605
0.00532164, -0.00755422, 0.00251322, -0.00531623, 0.00665784, 0.0021576
0.00457286, -0.00815708, 0.00377603, -0.0049152, 0.00723751, 0.00298322
0.00227548, -0.00906572, 0.000857802, -0.00229754, 0.00786394, 0.000542009
0.00168005, -0.00980825, -0.00153859, -0.00172707, 0.00844948, -0.00151894
0.00588736, -0.0111457, -0.00472418, -0.00534561, 0.0096713, -0.0046176
0.00819778, -0.0137059, -0.0059332, -0.00780015, 0.0118723, -0.00582349
0.00948379, -0.0151923, -0.00694561, -0.00893122, 0.0136272, -0.00685414
0.0114861, -0.0160575, -0.0112447, -0.00982853, 0.0141327, -0.0105026
0.00897718, -0.0157311, -0.0136668, -0.00805299, 0.0137355, -0.0126911
0.00414928, -0.0125361, -0.0174035, -0.00361453, 0.0108408, -0.0162822
0.00162719, -0.0100132, -0.0202767, -0.00147198, 0.008109, -0.0182315
-0.00050569, -0.00832608, -0.0193159, 0.000446261, 0.00660096, -0.0174041
-0.00449654, -0.00684268, -0.0159272, 0.00416017, 0.00553116, -0.0142964
-0.00806131, -0.00899949, -0.00673593, 0.00727189, 0.00700633, -0.00600821
-0.00885358, -0.0119804, 0.00590171, 0.00755359, 0.0102984, 0.00534428
-0.00849308, -0.0126413, 0.0108663, 0.00729802, 0.0109224, 0.00960941
-0.0056556, -0.0127392, 0.0118008, 0.00468106, 0.0112585, 0.0104845
-0.00315967, -0.0118713, 0.0104957, 0.00233021, 0.0107506, 0.00926698
-0.00121654, -0.0131071, 0.00767367, 0.00138244, 0.0107537, 0.00648139
-0.000227712, -0.0125304, 0.00389949, -2.53656e-05, 0.0109553, 0.00330746
0.00567736, -0.0121663, -0.000516622, -0.0053504, 0.0107531, -0.000758527
0.00813024, -0.0125474, -0.00381032, -0.00766256, 0.0109824, -0.00387614
0.0100905, -0.0140491, -0.00450092, -0.00916081, 0.0121616, -0.00461658
0.00931601, -0.0151117, -0.00531789, -0.00852249, 0.0126834, -0.00553255
0.00835786, -0.0151855, -0.00648909, -0.00767824, 0.0132624, -0.00607134
0.00439641, -0.0168546, -0.00569601, -0.00398138, 0.0145864, -0.00560066
1.96693e-05, -0.0178857, -0.00492837, -0.000234357, 0.0154517, -0.00493949
-0.00257276, -0.0187685, -0.00444535, 0.00207446, 0.0162646, -0.00446874
-0.00486005, -0.0195298, -0.00509702, 0.00468833, 0.0167068, -0.00505485
-0.0073714, -0.0192407, -0.00495192, 0.00655102, 0.0165148, -0.00485055
-0.0081701, -0.0198988, -0.00479106, 0.00767471, 0.0163073, -0.00489178
-0.00586572, -0.0189069, -0.00484507, 0.00537745, 0.0165417, -0.00458028
-0.00443281, -0.0191967, -0.00242866, 0.00402067, 0.0167593, -0.0024911
-0.00235693, -0.0202563, -0.00158255, 0.00219755, 0.016936, -0.00224859
-0.00135631, -0.0191033, -0.00117757, 0.00147355, 0.0167195, -0.00159196
-0.00108615, -0.0179192, -0.00388917, 0.00111657, 0.0156493, -0.00368363
-0.0011693, -0.0176581, -0.0052153, 0.00138133, 0.0156517, -0.0043035
-0.00110087, -0.0172622, -0.00869388, 0.0012958, 0.0149353, -0.00832843
-0.000594427, -0.0179292, -0.00947226, 0.000978991, 0.0151189, -0.00915047
0.00041763, -0.0180759, -0.0101053, 2.22382e-05, 0.0162188, -0.00906736
0.000201595, -0.019839, -0.00917898, 0.000261415, 0.0170933, -0.00899396
-0.000288969, -0.0210383, -0.00845347, 0.000475198, 0.0177355, -0.00853878
0.000486627, -0.0211908, -0.008463, -0.000426072, 0.0178404, -0.00843262
0.00122955, -0.0195051, -0.00841148, -0.000649675, 0.0170386, -0.00800323
0.00351765, -0.019246, -0.00797048, -0.00269934, 0.0169508, -0.00749978
0.00336495, -0.0178549, -0.00775014, -0.00269163, 0.0156843, -0.00744835
0.00379947, -0.0182511, -0.00682733, -0.00305274, 0.0157198, -0.00656259
0.00398949, -0.0183143, -0.00761493, -0.00379329, 0.0159984, -0.00657341
0.00723785, -0.0203111, -0.00500232, -0.00592547, 0.0165231, -0.00571715
0.00933944, -0.0191361, -0.00694151, -0.00810044, 0.0164396, -0.00689248
0.00770164, -0.0191295, -0.00717136, -0.0063291, 0.0166303, -0.00699148
0.00519136, -0.0163487, -0.0111215, -0.0043278, 0.014965, -0.0105516
0.00292938, -0.0174805, -0.0125246, -0.00166253, 0.0142574, -0.0117777
0.000561762, -0.0148613, -0.013526, 0.000251622, 0.0124879, -0.0128369
-0.00243133, -0.0146986, -0.0153021, 0.0020912, 0.0111884, -0.0142184
-0.00536886, -0.011636, -0.013332, 0.00497099, 0.00945234, -0.0121223
-0.0060934, -0.0104314, -0.0102728, 0.00595641, 0.00814522, -0.00952092
-0.00484953, -0.00916855, -0.00575321, 0.00426267, 0.0073673, -0.00537409
-0.00377358, -0.00881154, -0.00191865, 0.00329499, 0.00711862, -0.00154041
-0.0025949, -0.00658445, -0.000470912, 0.00158349, 0.00572635, -0.000615882
-0.000253744, -0.00704307, 0.00435684, -0.000449709, 0.00594175, 0.00394635
-0.00138359, -0.00665186, 0.00771611, 0.00069954, 0.00563915, 0.00664187
-0.00112397, -0.00620144, 0.0105728, 0.000332893, 0.00537332, 0.00940881
-0.00314231, -0.00455562, 0.00847254, 0.00224494, 0.00363646, 0.00755177
-0.00311542, -0.0023962, 0.00608086, 0.00227942, 0.00222723, 0.00524576
-0.00584116, -0.00185199, 0.00449193, 0.00464301, 0.00113463, 0.00402001
-0.00768634, -0.000921494, 0.0027326, 0.00646179, 0.000211245, 0.00260781
-0.00812131, -0.000170643, 0.00186119, 0.00678457, -0.000432626, 0.00186543
-0.00699349, 0.000530332, 0.000747454, 0.00573227, -0.00109684, 0.000921307
-0.00604992, 0.00201218, 0.000359265, 0.00431978, -0.00135517, 0.000429188
0.00109474, 0.0013374, 0.000329855, -0.00147392, -0.00159624, 0.000419558
0.00633822, 0.00191345, -0.000329223, -0.00604222, -0.0020343, -0.000356138
0.00848808, 0.00205805, -0.000528368, -0.00798561, -0.0021671, -0.000443306
0.00824927, 0.00228486, -0.000863364, -0.00778963, -0.00234606, -0.000815235
0.0064678, 0.00196827, 0.000546901, -0.00647442, -0.00183404, 0.000593119
0.00669061, 0.000874487, 0.00303815, -0.0065859, -0.00107525, 0.00254422
0.00685752, -0.000561397, 0.00738102, -0.00692346, 0.000456275, 0.00659586
0.0067576, -0.00128123, 0.00881848, -0.00685988, 0.00111434, 0.00791273
0.00784753, -0.000882264, 0.00744311, -0.00776857, 0.000789454, 0.00671492
0.00727244, 0.00068553, 0.0022803, -0.00698755, -0.000668025, 0.00204035
0.00450719, 0.00321659, -0.00406067, -0.00520351, -0.00300724, -0.00337935
-0.00096453, 0.0027859, -0.0040857, 0.000458723, -0.00314447, -0.00348778
-0.00410264, 0.00262408, -0.00441071, 0.00330672, -0.00309412, -0.0037303
-0.00413471, 0.00222071, -0.00390305, 0.00315914, -0.00270755, -0.00334681
-0.00371936, 0.00167071, -0.00262467, 0.00296315, -0.00213885, -0.00213975
4.81618e-05, 0.001906, -0.00318401, -0.000586093, -0.00233699, -0.00281524
0.0021323, 0.0011988, -0.00178247, -0.00241439, -0.00135072, -0.00143341
0.0126579, 0.00102222, -0.00175799, -0.0118452, -0.00107913, -0.00153751
0.0178356, 0.00105182, -0.00183501, -0.0164086, -0.00105841, -0.00186318
0.0149135, 0.000467685, 9.18342e-05, -0.01355, -0.00041328, 9.02528e-05
0.0108118, 0.000736664, -0.000512666, -0.0104051, -0.000854978, -0.00049005
-0.00108806, 0.000681356, -0.000947423, 0.000499789, -0.00125812, -0.000941965
-0.0134982, 0.000265617, 0.000233801, 0.0117074, -0.00103581, 0.000672976
-0.0148617, 0.000679012, -0.000818548, 0.0129057, -0.0015884, -0.000460635
-0.0156678, 0.000753029, -0.00153761, 0.0135317, -0.00165188, -0.00119266
-0.0139187, 0.000365573, -0.000379062, 0.0118917, -0.00115173, 5.56599e-06
-0.0120277, 0.000338651, -0.000434345, 0.0103373, -0.00113476, -0.000178161
-0.0100296, 0.000341714, -0.000730148, 0.00838915, -0.00108864, -0.000450755
-0.0112141, 0.00011623, -0.000417334, 0.00901283, -0.000793661, -0.000113487
-0.0108543, 0.000242626, -0.000154372, 0.00916462, -0.000989066, 0.00019661
-0.0136145, -0.000267294, 3.71068e-05, 0.0119818, -0.000560175, 0.000377612
-0.00865055, -0.000246221, 3.08105e-06, 0.00715175, -0.000641771, 0.000106871
-0.00203216, -0.00041835, 9.82839e-05, 0.00154525, -0.000190564, 0.000143179
0.00788124, -0.00197004, -0.000895634, -0.00721255, 0.00113554, -0.000980235
0.0105447, -0.00327421, -0.00161185, -0.00972131, 0.00271754, -0.0015495
0.0109246, -0.00556093, -0.00246178, -0.0102966, 0.0047427, -0.00247558
0.0075056, -0.0080124, -0.00358498, -0.00698176, 0.00688841, -0.00349868
0.00645596, -0.0107839, -0.00419617, -0.00606416, 0.00938254, -0.00411984
0.00500093, -0.0129477, -0.00460355, -0.00461322, 0.0111517, -0.00452155
0.00275275, -0.0139133, -0.00537292, -0.00262018, 0.0123446, -0.00525866
0.00054988, -0.0155788, -0.00581004, -0.000602192, 0.0130176, -0.00549473
-0.000306565, -0.016661, -0.00493024, 0.000691036, 0.0136713, -0.0051759
-0.00695162, -0.0144459, -0.00453935, 0.00620121, 0.0120536, -0.00452438
-0.0102181, -0.0126405, -0.00389816, 0.00932567, 0.0104296, -0.00383527
-0.00850128, -0.0121896, 0.000484037, 0.0071887, 0.0101693, 0.000109485
-0.00776283, -0.00947595, 0.000534565, 0.00667282, 0.00808406, 0.000701845
-0.00252236, -0.00712278, -0.000991298, 0.00220683, 0.00593174, -0.000897186
0.0047339, -0.00441379, -0.00254362, -0.00478471, 0.00353971, -0.00248384
0.00887275, -0.00217076, -0.00317649, -0.00808636, 0.00193413, -0.00270843
0.0137155, -0.00244584, 0.00067047, -0.0123743, 0.00209928, 0.000130587
0.0249121, -0.00337664, 0.00693066, -0.023025, 0.0032257, 0.00579237
0.0277361, -0.0039088, 0.00948123, -0.0250164, 0.00356691, 0.00749836
0.0292959, -0.00334925, 0.00995349, -0.0267851, 0.00388028, 0.00886229
0.0245343, -0.00190092, 0.00487235, -0.0226348, 0.00216765, 0.00401701
0.0130159, -0.00104154, 0.000165035, -0.0120809, 0.000119746, -0.000300941
-0.0038067, 0.00164981, -0.00516004, 0.00333199, -0.00197756, -0.00442873
-0.0121819, 0.00342365, -0.0100441, 0.0100183, -0.00422135, -0.00871527
-0.0176345, 0.00254164, -0.00776194, 0.015201, -0.00348551, -0.0064794
-0.020746, 0.00307607, -0.00824571, 0.0181596, -0.00391289, -0.00695798
-0.013052, 0.00200357, -0.00508504, 0.0108607, -0.00261443, -0.004234
-0.00361333, 0.00150491, -0.00397171, 0.0024602, -0.00205648, -0.00357908
-0.00661191, 0.000739951, -0.00121797, 0.00559843, -0.00133108, -0.000764548
-0.00602603, 0.000455036, -0.000991899, 0.00500349, -0.00102713, -0.00058108
-0.00745585, 0.000619113, -0.000578418, 0.00607822, -0.000859216, 4.96644e-05
-0.00628146, 0.000132058, -0.000585061, 0.00519611, -0.000495158, -0.000205712
-0.00688696, 5.52021e-06, -0.000210529, 0.00585243, -0.000674515, 0.000108838
-0.00677961, -0.000747533, 0.000768449, 0.00541735, 5.46512e-06, 0.000941279
-0.00595413, -0.00042039, -0.000601323, 0.00475425, -0.000326676, -0.00044824
-0.00664051, -0.0006105, 0.00092459, 0.00542723, -0.00016247, 0.00103536
-0.00488235, -0.00124141, 0.000511017, 0.00423244, 0.000316893, 0.00068854
-0.00418884, -0.000187971, -0.000567246, 0.00288055, 7.70078e-05, 7.76276e-05
-0.00495664, -0.000227654, 9.83506e-05, 0.00394618, -0.000299174, 0.000395075
-0.00773808, -0.000143452, -0.000800709, 0.00660515, -0.00062982, -0.000443753
-0.00982012, 0.00029629, -0.00099615, 0.00794834, -0.000991619, -0.000607413
-0.0137059, 0.0017485, -0.00057193, 0.0116352, -0.0023381, -0.000126879
-0.0135385, 0.00357533, 0.000576653, 0.0113853, -0.00380531, 0.000881732
-0.0112243, 0.00543923, 0.00157747, 0.0100202, -0.00579889, 0.00184428
-0.00699757, 0.00840426, 0.00121289, 0.00575689, -0.00807554, 0.00153796
-0.00184845, 0.0118439, 0.000137055, 0.00104822, -0.0109315, 0.000678345
0.00309779, 0.015184, -0.000223756, -0.00347927, -0.0135256, 0.000306974
0.00892723, 0.0179403, 0.000113429, -0.00829429, -0.0153127, 0.000846685
0.0122646, 0.0214379, -0.000793178, -0.0111022, -0.0175879, 6.14198e-05
0.00922724, 0.019416, 1.34689e-05, -0.0109387, -0.019361, 0.000455738
0.012157, 0.0222879, 0.000432068, -0.01222, -0.0200846, 0.000919676
0.0096977, 0.0229263, 0.00236836, -0.0102524, -0.020872, 0.00259331
0.00765054, 0.0228589, 0.00482778, -0.00814799, -0.0207768, 0.00485909
0.00681968, 0.0229552, 0.00677294, -0.00724644, -0.020462, 0.00673254
0.00642122, 0.0234543, 0.00637013, -0.00716245, -0.0208239, 0.00653748
0.00643676, 0.0223651, 0.00926614, -0.00604771, -0.0194804, 0.00942605
0.00414947, 0.0193071, 0.0140335, -0.00508523, -0.0174718, 0.0135568
0.00468324, 0.0190824, 0.0145836, -0.00540396, -0.0166311, 0.0149399
0.00111614, 0.0171589, 0.0154029, -0.00356159, -0.0163021, 0.013965
0.00028137, 0.0179114, 0.0157735, -0.00267342, -0.0170202, 0.0123088
0.00138416, 0.02013, 0.0101897, -0.000463216, -0.0170671, 0.0104575
-0.00169777, 0.0194085, 0.00833957, 0.000431648, -0.0175568, 0.00843455
-0.00160236, 0.0178273, 0.0093859, -1.70537e-05, -0.0163321, 0.00916966
-0.00116183, 0.0174315, 0.00813073, 0.000263574, -0.015645, 0.00817302
-4.00322e-05, 0.0165868, 0.00777358, -0.00131484, -0.0151326, 0.00755133
0.000276261, 0.0155538, 0.00606965, -0.00160459, -0.0147303, 0.00589119
0.000880349, 0.0158324, 0.00504899, -0.00175893, -0.0144125, 0.00532918
0.000674747, 0.0159586, 0.00338316, -0.00140245, -0.0145847, 0.00381529
0.000153566, 0.0160713, 0.00216826, -0.000997304, -0.0147056, 0.00270452
-0.00230406, 0.0145692, 0.00301532, 0.000965525, -0.0144806, 0.00244494
-0.00366323, 0.0151971, 0.00184045, 0.00197629, -0.0144913, 0.00227172
-0.00485217, 0.0161429, 0.00119995, 0.003368, -0.0147612, 0.00194535
-0.00539139, 0.0150372, 0.00215133, 0.00384848, -0.0142383, 0.00253364
-0.00355118, 0.0159212, 0.00277178, 0.0025121, -0.0141403, 0.00323342
-0.00238232, 0.0135511, 0.00461076, 0.0012832, -0.0137819, 0.00451474
-0.00282887, 0.0129316, 0.00779894, 0.00102689, -0.0127058, 0.00764749
-0.0015321, 0.0128455, 0.0097212, 2.72681e-05, -0.0119984, 0.00933956
-0.00201467, 0.0124255, 0.0115624, 0.000818297, -0.0116751, 0.0107871
-0.00311883, 0.0126991, 0.010944, 0.00186114, -0.0110859, 0.0112413
-0.00361878, 0.0115534, 0.00962774, 0.0015142, -0.011356, 0.00869857
-0.00278101, 0.0114116, 0.0105336, 0.00143055, -0.011224, 0.00968081
-0.00229967, 0.0116988, 0.00870877, 0.000941869, -0.010934, 0.00831528
-0.00234261, 0.0111651, 0.00847721, 0.000975197, -0.0106934, 0.0078213
-0.000469609, 0.0111764, 0.00883145, -0.000908164, -0.010136, 0.00872118
-0.000928421, 0.0104616, 0.00931636, -0.00026605, -0.00962989, 0.00897805
0.000543603, 0.0106041, 0.00995674, -0.00141906, -0.00925365, 0.00913371
0.00239446, 0.0110829, 0.00824214, -0.00282016, -0.0100503, 0.00728885
-0.000760956, 0.0102283, 0.00911161, -0.000259248, -0.00932068, 0.00859293
-0.00300893, 0.0101068, 0.00925674, 0.00166414, -0.00934613, 0.00875203
-0.00496282, 0.0104573, 0.00747236, 0.00343203, -0.00975666, 0.00697885
-0.00800652, 0.011136, 0.00818479, 0.00592289, -0.010367, 0.00787916
-0.0113715, 0.010893, 0.00985672, 0.00947682, -0.00945255, 0.00922057
-0.0120834, 0.00858325, 0.0137732, 0.0102501, -0.00810897, 0.0128174
-0.0120671, 0.00823407, 0.0152603, 0.00970138, -0.00766278, 0.0141379
-0.0124645, 0.00768277, 0.0167037, 0.010129, -0.0070995, 0.0155566
-0.0103983, 0.00790105, 0.0151028, 0.00802092, -0.00764739, 0.0142861
-0.008862, 0.0100636, 0.0106944, 0.00731972, -0.00929718, 0.0100229
-0.0112695, 0.0126246, 0.00402352, 0.00914705, -0.0117462, 0.00397261
-0.00939649, 0.0130098, -0.00169198, 0.0075085, -0.0120617, -0.00151582
-0.00778399, 0.0142875, -0.0101971, 0.00669235, -0.0134857, -0.00873439
-0.00315212, 0.0152538, -0.0188605, 0.00261567, -0.0146594, -0.0165413
0.000668911, 0.0142917, -0.0239674, -0.000779393, -0.0144424, -0.020693
0.00632858, 0.0152224, -0.0298797, -0.00610341, -0.0148693, -0.0264581
0.00762228, 0.0147748, -0.0308402, -0.00689468, -0.014, -0.0274587
0.00846695, 0.0104976, -0.023396, -0.00830593, -0.0104668, -0.0214145
0.00928051, 0.00706454, -0.0197944, -0.00818109, -0.00776189, -0.0164722
0.0107685, 0.00328562, -0.00713197, -0.0103548, -0.0034085, -0.00601569
0.0124558, -0.000337047, 0.00737413, -0.0110995, 0.00147347, 0.00585588
0.0169095, -0.00258818, 0.00958583, -0.0156111, 0.00265589, 0.008226
0.0190943, -0.00560753, 0.00920189, -0.0175693, 0.00308407, 0.00891752
0.0119007, -0.00129833, 0.00482534, -0.0120933, 0.0011358, 0.00419202
0.00983098, 0.00192054, -0.00389042, -0.00890503, -0.00195512, -0.00346384
0.00638848, 0.002624, -0.0066524, -0.00617517, -0.00273597, -0.00593128
0.00369425, 0.00158805, -0.00544257, -0.003373, -0.0023135, -0.0049007
0.00151137, -0.00148181, 0.00253207, -0.00178691, 0.000683409, 0.00248248
-0.00128878, -0.00176148, 0.00566433, 0.000742336, 0.00130639, 0.00502258
-0.000446011, -0.00116708, 0.00382182, -0.000182164, 0.00064585, 0.0033795
-0.00112501, -0.00102101, 0.00235724, 0.000635329, 0.000608745, 0.00235516
-0.000543693, 0.0017505, -0.00538303, 0.000341645, -0.0021606, -0.00469135
0.00303051, 0.00293819, -0.00853566, -0.00301559, -0.00295231, -0.00761273
0.00860141, 0.00288463, -0.00945896, -0.00800949, -0.00314788, -0.00860082
0.0106682, 0.000976055, -0.00327233, -0.00955662, -0.00112369, -0.00283448
0.0128872, -0.000984755, 0.00301084, -0.0120207, 0.000786521, 0.00244827
0.0134928, -0.00252786, 0.00674549, -0.0126957, 0.00237541, 0.00581184
0.0113262, -0.00164249, 0.00678797, -0.0111149, 0.00215674, 0.00573817
0.00913742, -0.00172739, 0.00576115, -0.00868069, 0.00163067, 0.00526911
0.00765851, -0.00116514, 0.00537135, -0.00760817, 0.0012482, 0.00472087
0.00588927, -0.0012324, 0.00440976, -0.00568611, 0.0006957, 0.00401231
0.00382657, -0.000698014, 0.00281284, -0.0040521, 0.00011305, 0.00232335
-0.000724255, -0.000735813, 0.00443623, 0.000385764, 0.000291558, 0.00394961
-0.00843174, -0.00139553, 0.00704882, 0.00683429, 0.000784574, 0.00639484
-0.0107948, -0.00103905, 0.0118237, 0.00823763, 0.00118782, 0.0105136
-0.0131886, -0.000796842, 0.0149123, 0.0108735, 0.000293371, 0.0135812
-0.0105683, 0.000737305, 0.0133273, 0.00901167, -0.000670663, 0.012245
-0.00864168, 0.00109964, 0.0110697, 0.00720564, -0.00141689, 0.0100824
-0.00604272, 0.00307306, 0.0076294, 0.00442842, -0.00293285, 0.00691924
-0.00388782, 0.00311038, 0.00667554, 0.0029367, -0.00335135, 0.00621066
0.000377872, 0.0055372, 0.00401853, -0.00125514, -0.00533801, 0.00363915
0.00157562, 0.0075139, 0.00328168, -0.0019196, -0.00674605, 0.00315982
0.00255984, 0.009739, 0.00127324, -0.00348604, -0.00917666, 0.00134013
0.00483266, 0.0118269, 0.00208236, -0.00464857, -0.010695, 0.00224095
0.00449449, 0.0120729, 0.00439587, -0.00515085, -0.0114496, 0.00432649
0.00299626, 0.0125771, 0.00718034, -0.00368834, -0.0111945, 0.00690468
0.00126546, 0.0145776, 0.00476844, -0.00222618, -0.0131291, 0.00449614
-0.000561635, 0.0144266, 0.00675975, -0.000688303, -0.0129115, 0.00671154
-0.00100076, 0.0150964, 0.00623215, -0.000203224, -0.0134524, 0.00638451
-0.00031009, 0.0168723, 0.00351191, -0.000464097, -0.0150338, 0.00368046
-0.00153212, 0.0151264, 0.00387459, 0.000457398, -0.0148969, 0.00391096
-0.0015209, 0.0162832, 0.0033163, 0.000391778, -0.0147331, 0.00354526
-0.00411091, 0.0142977, 0.00321296, 0.00221511, -0.0140274, 0.0033782
-0.0111733, 0.0133455, 0.00369161, 0.00907915, -0.0126637, 0.00421887
-0.014139, 0.0113034, 0.00309422, 0.0119826, -0.0108853, 0.00339807
-0.0152534, 0.00951569, 0.00329594, 0.0128175, -0.00909347, 0.00355223
-0.00785985, 0.0097028, -0.000463819, 0.00631686, -0.00896992, -0.000332275
-0.00412842, 0.0070486, -0.000128848, 0.00280438, -0.00688658, 0.000222192
-0.000980273, 0.00497096, 0.00136464, 5.3654e-05, -0.00494974, 0.00146767
-0.000149592, 0.00275128, 0.00471623, -0.000559051, -0.00284046, 0.0043304
-0.00151435, 0.000667942, 0.00533026, 0.00091514, -0.00120691, 0.00504438
-0.00241503, 0.000923783, 0.00201363, 0.00190815, -0.00131228, 0.00189645
-0.00287912, 0.00332286, -0.00639952, 0.00214029, -0.00374028, -0.00569048
-0.00244242, 0.00419091, -0.0111233, 0.00186901, -0.00457047, -0.00984177
-0.00079748, 0.00352459, -0.0106406, 0.0003179, -0.00403107, -0.00935944
0.00462726, 0.00243327, -0.00921814, -0.00462442, -0.00278328, -0.00814639
0.00529653, 0.00173901, -0.00676626, -0.00515561, -0.00202027, -0.00609129
0.00235691, 0.00178992, -0.00526792, -0.00257811, -0.0021995, -0.00473308
0.000231019, 0.00204738, -0.00231668, -0.000773132, -0.00240398, -0.00201009
-0.00167189, 0.00232422, 0.00118814, 0.0010379, -0.0025896, 0.00131201
-0.0011271, 0.00283566, 0.00217197, 0.000461323, -0.00301978, 0.00213715
0.00335566, 0.00426586, 0.00333449, -0.00377787, -0.00420796, 0.00317381
0.00783252, 0.00599221, 0.00407398, -0.00764235, -0.00546606, 0.00398369
0.0104883, 0.00724265, 0.00649361, -0.0103586, -0.00645231, 0.0060011
0.00990422, 0.00728295, 0.0112966, -0.00992608, -0.00635941, 0.01023
0.0080184, 0.00806781, 0.0131544, -0.00813297, -0.00707342, 0.0120923
0.00762728, 0.0098758, 0.0115022, -0.00781567, -0.00880387, 0.0105344
0.00676146, 0.0116637, 0.00911115, -0.00705957, -0.0105773, 0.00843644
0.00545184, 0.0143388, 0.00407774, -0.00576109, -0.0131189, 0.00398579
0.00228054, 0.0155934, 0.00260163, -0.00302251, -0.0143577, 0.00270649
0.00196724, 0.0160334, 0.00279634, -0.00295478, -0.0147241, 0.00275427
-0.00229878, 0.0159282, 0.00425544, 0.00105286, -0.0147109, 0.00433131
-0.00224401, 0.014955, 0.00614772, 0.000905734, -0.0137196, 0.00606071
-0.00244633, 0.0134749, 0.00974628, 0.00141288, -0.0122525, 0.00907212
-0.00133364, 0.0112172, 0.0136829, 0.000179655, -0.0103326, 0.0125753
-0.000438128, 0.00915477, 0.0180882, -0.000691349, -0.00814919, 0.0165757
-0.000172193, 0.010307, 0.0145478, -0.00093787, -0.00938111, 0.0133441
-0.00442641, 0.0104046, 0.012511, 0.00296277, -0.00954857, 0.0117563
-0.00351094, 0.0116077, 0.00972943, 0.00201351, -0.0108773, 0.00914983
-0.00375805, 0.0114451, 0.00737181, 0.00263229, -0.010579, 0.00675004
-0.00447458, 0.00955734, 0.00647423, 0.00307142, -0.00893113, 0.00617073
-0.0035478, 0.00795832, 0.00581494, 0.00225667, -0.00744195, 0.00559667
-0.00169456, 0.00671976, 0.00436687, 0.000649852, -0.0063608, 0.00418761
0.000275083, 0.0061283, 0.00156084, -0.000758462, -0.00586578, 0.00142155
0.00219044, 0.00698743, -0.0041627, -0.00307111, -0.00661518, -0.00364909
-0.000726714, 0.00758729, -0.0099059, 1.19018e-06, -0.00760073, -0.0088076
0.000314512, 0.00870087, -0.0173938, -0.000838613, -0.00880102, -0.0155337
-0.00238908, 0.00839161, -0.0181859, 0.00169305, -0.00851734, -0.0160901
-0.00293807, 0.00693484, -0.0145019, 0.00258209, -0.00677186, -0.0128443
-0.0036743, 0.00378929, -0.00983016, 0.00298118, -0.00444559, -0.00865721
-0.00214266, 0.00215058, -0.00598466, 0.00142529, -0.00267398, -0.00506544
-0.00112598, 0.000954025, -0.00343869, 0.000388587, -0.00144163, -0.00294944
-0.00152492, -5.61464e-05, -0.0016881, 0.000741, -0.000489872, -0.00123812
-0.000667815, -0.000355661, -0.00169144, 0.000230623, -0.000248565, -0.00147981
0.0010909, -0.000524185, -0.00164459, -0.00150716, -0.000155419, -0.00158663
0.00624122, -0.000293727, -0.00126594, -0.00629932, -8.699e-05, -0.00120999
0.00800514, -0.000841414, -1.93831e-05, -0.00761364, 0.000567432, -2.11614e-05
0.0071332, -0.000202692, -0.0021562, -0.00666636, -0.00011469, -0.00198378
0.00841522, 0.00102738, -0.00425709, -0.00804068, -0.00124039, -0.0039198
0.0075138, 0.00217134, -0.00673031, -0.00705475, -0.00234872, -0.00610143
0.00487886, 0.0042376, -0.0114501, -0.00470323, -0.00448512, -0.0102645
0.00160415, 0.00519401, -0.0147177, -0.00172768, -0.00544195, -0.0131101
-0.000605707, 0.00525713, -0.0135565, 0.000225416, -0.00560401, -0.0119924
-0.000354202, 0.00419266, -0.0109707, -6.3067e-05, -0.0045048, -0.00967172
0.000792292, 0.00221216, -0.00561724, -0.0012316, -0.00259422, -0.00494227
0.00211953, -0.000134817, 0.000615362, -0.00243027, -0.000278015, 0.000471801
0.00440091, -0.00339435, 0.00891948, -0.00453143, 0.00296299, 0.00787212
0.00656761, -0.00495643, 0.0125788, -0.00654519, 0.0045576, 0.0111536
0.0131392, -0.00426229, 0.0097036, -0.012293, 0.0038801, 0.00831839
0.0162792, -0.00459225, 0.0102406, -0.0148434, 0.00428781, 0.00888557
0.0162383, -0.00338559, 0.00704153, -0.0151695, 0.00330446, 0.00613168
0.0174807, -0.00281017, 0.00458765, -0.0162502, 0.00260951, 0.00376349
0.0153807, -0.00202825, 0.00255095, -0.0142021, 0.00174708, 0.00202303
0.0106455, -0.00168871, 0.00226723, -0.0100358, 0.00126298, 0.00175294
0.00023253, -0.00278502, 0.00475215, -0.000566299, 0.00204752, 0.00430604
-0.01056, -0.00340849, 0.00736176, 0.00886492, 0.00243373, 0.00669128
-0.0177484, -0.00377604, 0.0109582, 0.0148621, 0.00297788, 0.010205
-0.0176453, -0.00636663, 0.0194165, 0.0154501, 0.00490181, 0.0176602
-0.0163287, -0.00610883, 0.0229793, 0.013686, 0.0057096, 0.0208351
-0.00992522, -0.00665593, 0.0251758, 0.00809067, 0.00529242, 0.0224267
-0.00744177, -0.00579644, 0.0263141, 0.00566923, 0.00514489, 0.02383
-0.00655527, -0.0035405, 0.0222886, 0.00465509, 0.00326874, 0.0197746
-0.00526019, -0.00152719, 0.0156764, 0.0039939, 0.00113563, 0.014333
-0.00395756, 0.00231989, 0.00423268, 0.00257896, -0.00237293, 0.00403823
-0.00381765, 0.00551771, -0.00539564, 0.00310045, -0.00567378, -0.00481544
-0.00286244, 0.00691005, -0.00920054, 0.00232886, -0.00687559, -0.00784778
-0.00289878, 0.00745241, -0.0123808, 0.00229636, -0.00759453, -0.011046
-0.00464785, 0.00564524, -0.00679759, 0.00354343, -0.00576397, -0.00589798
-0.00943941, 0.00360739, -0.00159105, 0.00799343, -0.00396669, -0.0011905
-0.0115951, 0.00303812, -0.00107356, 0.0097251, -0.00330258, -0.00049278
-0.00960998, 0.00329446, -0.00389915, 0.00835303, -0.00383677, -0.00323412
-0.00115235, 0.00686928, -0.0145395, 0.000892032, -0.00712075, -0.0130176
0.00538248, 0.00715379, -0.0187551, -0.005278, -0.0072577, -0.016603
0.00417871, 0.00622258, -0.0168249, -0.00413148, -0.0063342, -0.0151148
0.00461795, 0.00502165, -0.0159852, -0.00472367, -0.00543326, -0.0141277
-0.00231861, 0.00414199, -0.0132886, 0.00172152, -0.00435851, -0.0118243
-0.00862517, 0.00295069, -0.0095695, 0.00762728, -0.00360714, -0.00838472
-0.00719193, 0.00207931, -0.00627678, 0.00608819, -0.00279102, -0.00564663
-0.00398232, 0.00146789, -0.00295047, 0.00294332, -0.00191464, -0.00228545
-0.00102327, 0.00136378, -0.00202107, 0.000670981, -0.00184997, -0.00162957
-0.000144489, 0.00136451, -0.000894959, -0.00032209, -0.00176109, -0.00084094
0.00284838, 0.00158907, -0.000507953, -0.00324632, -0.00176716, -0.000491585
0.0030697, 0.00188829, -3.14313e-05, -0.00313133, -0.00212949, 0.000108705
0.00223386, 0.00220117, -0.00137924, -0.00241308, -0.00239558, -0.00121011
0.00254133, 0.00304636, -0.00223814, -0.00306585, -0.0031919, -0.00151912
0.00251101, 0.00308371, -0.00319663, -0.0027457, -0.00330256, -0.00293357
0.00572324, 0.00187111, -0.0018246, -0.00572164, -0.00208463, -0.00165737
0.00736556, 0.00121001, -0.000444264, -0.00720349, -0.00143263, -0.000408713
0.00930679, 0.000360461, 0.00019358, -0.00896768, -0.000591242, 3.47283e-05
0.0108814, -7.59165e-05, 0.000341076, -0.0102637, 1.78516e-05, 0.000156128
0.0130732, -0.000346814, 0.000561139, -0.0124522, 0.000131002, 0.000270603
0.0150435, -0.000809481, 0.00127603, -0.0141736, 0.000616025, 0.000969285
0.0137243, -0.00106917, 0.00134955, -0.0125599, 0.000904558, 0.00102931
0.0138112, -0.00162539, 0.00172376, -0.0126923, 0.0013986, 0.00143866
0.0121727, -0.00136571, 0.000454996, -0.0111718, 0.00133076, 0.000391331
0.012227, -0.00109798, -0.000193406, -0.0115746, 0.000728144, -0.000478655
0.00802077, -0.00141441, 0.00112389, -0.00757189, 0.00107252, 0.00085837
0.00468298, -0.00211405, 0.00282887, -0.00479744, 0.00160304, 0.00242649
0.000914338, -0.00412706, 0.00927889, -0.00161609, 0.00347126, 0.00820057
-0.00725434, -0.0057864, 0.0154566, 0.00576786, 0.00525966, 0.0140856
-0.013775, -0.00748589, 0.0198192, 0.0113923, 0.00642396, 0.017832
-0.0162037, -0.00770169, 0.0214697, 0.013641, 0.00663439, 0.0193566
-0.018907, -0.00894375, 0.0266626, 0.0162319, 0.0077585, 0.024073
-0.0188863, -0.00892495, 0.0271182, 0.0161038, 0.00803919, 0.0246362
-0.0225821, -0.00659096, 0.0222474, 0.0191076, 0.00546409, 0.0203388
-0.0304736, -0.00223164, 0.0124621, 0.0260595, 0.00154785, 0.0112976
-0.0326931, 0.00106675, 0.00641329, 0.0287881, -0.00207416, 0.00638812
-0.0347659, 0.00318286, 0.00167399, 0.0306654, -0.00421592, 0.00209011
-0.0326531, 0.0057959, -0.00334665, 0.028908, -0.00661383, -0.00209892
-0.0280123, 0.0102654, -0.0147245, 0.024473, -0.0108185, -0.0122895
-0.0217293, 0.0144603, -0.0238195, 0.0182107, -0.014234, -0.0210657
-0.0142898, 0.0148884, -0.026116, 0.0120732, -0.0149931, -0.0229494
-0.0102432, 0.0131085, -0.0235468, 0.00883157, -0.0131284, -0.020817
-0.00535675, 0.011671, -0.0220709, 0.00543586, -0.0121581, -0.0193994
3.53815e-05, 0.0118831, -0.023377, -0.000363482, -0.0115275, -0.0204512
0.00669376, 0.0106239, -0.0234773, -0.00596272, -0.0102912, -0.0205334
0.0128228, 0.00941899, -0.0216048, -0.0118876, -0.00903308, -0.0192399
0.0182088, 0.00684655, -0.0160063, -0.0172523, -0.00656348, -0.0145973
0.0253202, 0.00503267, -0.0119832, -0.022329, -0.00450172, -0.0110644
0.0309606, 0.00393233, -0.00848893, -0.0269421, -0.00343155, -0.00783527
0.0268686, 0.00154703, -0.00366263, -0.0260149, -0.00181174, -0.00351332
0.0270091, 0.00183357, -0.00140776, -0.0241456, -0.00140742, -0.0018301
0.0237437, -0.00131997, 0.00735282, -0.0222048, 0.00156814, 0.00672458
0.0202309, -0.00324684, 0.0142093, -0.0185273, 0.00345537, 0.0122625
0.0182808, -0.00267214, 0.0136813, -0.0165659, 0.00277058, 0.012081
0.0156292, -0.00282085, 0.0148844, -0.0146772, 0.00296345, 0.0129401
0.0111364, -0.00308808, 0.0147588, -0.0103009, 0.00292539, 0.0129722
0.00835614, -0.00254178, 0.0128441, -0.00798558, 0.00224595, 0.0112907
0.00441432, -0.00295276, 0.0135322, -0.00452607, 0.00267123, 0.0118492
-0.000127132, -0.0016148, 0.00883038, -0.000683451, 0.00125333, 0.00813308
-0.00224939, -0.00154713, 0.0078208, 0.00137271, 0.00096181, 0.0066603
-0.00271405, -0.0008828, 0.0044655, 0.00212892, 0.000357634, 0.00412343
0.00204063, 0.00104832, -0.0019599, -0.00232419, -0.00137664, -0.00169236
0.00403331, 0.00130656, -0.00348447, -0.00431739, -0.00170743, -0.00294907
0.00503836, 0.00175573, -0.00660839, -0.00521862, -0.00211961, -0.00599035
0.00551443, 0.00142135, -0.00517867, -0.00554143, -0.00153323, -0.00432261
0.00472499, 0.00118324, -0.00468737, -0.00439552, -0.00152547, -0.00417562
0.00396872, 0.000451966, -0.00239625, -0.00380464, -0.000771326, -0.00201988
0.00240117, -0.000512147, 0.000614429, -0.00279635, 5.01759e-05, 0.000543025
-0.000847207, -0.00198428, 0.0074357, -1.72735e-05, 0.00156452, 0.00673272
-0.00176995, -0.00193298, 0.00989448, 0.00139166, 0.00159325, 0.00908151
-0.00283082, -0.00126965, 0.00971071, 0.00162124, 0.000799871, 0.00890001
0.000100375, -0.000901809, 0.0109674, -0.000820831, 0.000795137, 0.0100836
-0.000342932, -0.000408947, 0.0113012, -0.000535, 0.000316874, 0.0103437
-0.00292974, 0.00152142, 0.00485336, 0.0018178, -0.00175569, 0.00437463
-0.00571301, 0.00297802, 0.00154976, 0.00444182, -0.00321577, 0.00166072
-0.00694101, 0.004369, -0.00247556, 0.00549445, -0.00457265, -0.00212063
-0.00661136, 0.00436502, -0.00284781, 0.0051733, -0.0046081, -0.0021536
-0.00419672, 0.00339212, -0.000911087, 0.00305528, -0.00360221, -0.000656391
-0.00425436, 0.00228092, 0.00183468, 0.0032144, -0.00256688, 0.00182488
-0.00184036, 0.000832157, 0.00434934, 0.000886635, -0.00111786, 0.00399949
0.000508872, -5.44828e-05, 0.00587629, -0.000935869, -0.000274875, 0.0053184
0.00420975, -0.00116441, 0.00646729, -0.00427702, 0.000604411, 0.0056891
0.00465841, -0.00195342, 0.00475159, -0.00496402, 0.00146304, 0.00408368
0.00236518, -0.00389509, 0.00382279, -0.00292335, 0.0032958, 0.00344716
-0.00258262, -0.00544159, 0.00176935, 0.00187344, 0.00441033, 0.00164839
-0.003835, -0.00620558, -0.00128534, 0.00305096, 0.00485588, -0.00118794
-0.00493803, -0.00578847, -0.00189374, 0.00421493, 0.00462154, -0.00179961
-0.00444698, -0.00579628, -0.00175696, 0.00370117, 0.00454513, -0.0017879
-0.00221224, -0.00733662, 0.00192024, 0.00157339, 0.00569547, 0.00156717
-0.00217759, -0.00646127, 0.00140202, 0.00163983, 0.00515227, 0.00118664
-0.00426159, -0.00525373, 0.00144276, 0.00338367, 0.00428881, 0.00134593
-0.00842725, -0.00343611, -0.00120776, 0.00720969, 0.00240175, -0.000964028
-0.0122796, -0.00154296, -0.00442233, 0.0108361, 0.000527593, -0.00392727
-0.0108505, -0.000436181, -0.00516285, 0.00934213, -0.000531091, -0.00437516
-0.0104194, 0.00154776, -0.00977045, 0.00878425, -0.00265733, -0.00848514
-0.00540889, 0.00338253, -0.011511, 0.00447915, -0.00398304, -0.0101182
-0.00246964, 0.00371193, -0.0110241, 0.0018006, -0.00417403, -0.00971645
0.00246364, 0.00241201, -0.00805423, -0.00279555, -0.00283259, -0.00719532
0.00458456, 0.00288209, -0.00766907, -0.00463406, -0.00312402, -0.00667256
0.00582135, 0.00175361, -0.00445912, -0.00562712, -0.00196193, -0.00387323
0.00641295, 0.0012561, -0.00347573, -0.00603839, -0.00155808, -0.00297243
0.00431899, 0.00176975, -0.00217174, -0.00448737, -0.00189396, -0.0019653
0.0040957, 0.0020383, -0.00221813, -0.00413498, -0.00224434, -0.00188825
0.00215892, 0.00150263, -0.000607537, -0.00241662, -0.0016671, -0.000198835
0.000800563, 0.00274325, -0.00308805, -0.00108816, -0.00299512, -0.00268081
1.91666e-05, 0.00217653, -0.00106334, -0.000436106, -0.00246428, -0.000836928
-0.000450071, 0.00193392, -0.000472784, -0.000153662, -0.00223821, -0.000294849
-0.000175185, 0.00169074, -0.000186054, -0.000237935, -0.00197943, 7.16243e-05
-0.000171932, 0.00191474, -0.000284057, -0.00033661, -0.00221305, -3.96799e-05
-0.000760065, 0.00170329, 0.000927724, 0.000195348, -0.00195698, 0.00111203
0.000294508, 0.00157118, 0.00116971, -0.000826536, -0.00182651, 0.00124403
0.00027537, 0.00177711, 0.000127012, -0.000781022, -0.00205591, 0.000249155
0.000502035, 0.00173731, 0.000783102, -0.00108332, -0.00205695, 0.000894506
-0.00034958, 0.00179326, 0.00148205, -0.00036717, -0.00205718, 0.00143306
-0.000502747, 0.00156469, 0.00243348, -7.08123e-05, -0.00180097, 0.00235177
-0.000938825, 0.00157561, 0.00354488, 0.000311666, -0.00183468, 0.00344045
-0.000944786, 0.00124528, 0.00424697, 0.000330919, -0.00154543, 0.00397838
-0.000234987, 0.000636249, 0.0049173, -0.000396996, -0.000937485, 0.00457461
0.000708667, 0.00109771, 0.00524284, -0.00118339, -0.00131928, 0.00470761
0.00137578, 0.00211232, 0.00572092, -0.00189632, -0.0022828, 0.00523273
0.00182874, 0.00343854, 0.00549287, -0.00227186, -0.00341156, 0.00500511
0.00388635, 0.00466732, 0.00755147, -0.00431075, -0.00431776, 0.0069257
0.00275636, 0.00612189, 0.00639873, -0.00324438, -0.00578365, 0.00583492
0.00475447, 0.00766065, 0.00785721, -0.00517174, -0.00692755, 0.00725283
0.00353076, 0.00914213, 0.00760275, -0.0041803, -0.00827357, 0.00702486
0.00469349, 0.0109187, 0.00635742, -0.00535002, -0.0100058, 0.00580184
0.000686329, 0.0128835, 0.00616906, -0.00130016, -0.0118483, 0.00585887
0.000499696, 0.0136523, 0.0059485, -0.00124684, -0.0125891, 0.00570929
-0.00181806, 0.0146948, 0.00542374, 0.000908279, -0.0133908, 0.0054326
-0.00359663, 0.0152474, 0.00613263, 0.00203099, -0.0140658, 0.00591439
-0.00301945, 0.0145279, 0.0061502, 0.00151984, -0.0133113, 0.00587558
-0.00144597, 0.0149583, 0.00715274, 0.000181902, -0.0136785, 0.00696399
5.20369e-05, 0.0152535, 0.00633177, -0.00126432, -0.0138574, 0.00610257
0.000930333, 0.0148074, 0.00735934, -0.0017845, -0.0134727, 0.00694722
0.000185331, 0.0144941, 0.00878661, -0.00115507, -0.0130452, 0.00853259
0.000886501, 0.0145822, 0.00829405, -0.00163696, -0.0134715, 0.00788589
0.00133414, 0.0147158, 0.00864922, -0.00236145, -0.013594, 0.00837345
0.000988654, 0.0167564, 0.0071335, -0.00182809, -0.0150332, 0.00678027
0.00160612, 0.0175011, 0.00532483, -0.00251423, -0.0159462, 0.00521616
0.00166244, 0.017086, 0.00572931, -0.0024728, -0.015622, 0.00556319
0.002017, 0.0172425, 0.00684762, -0.00277654, -0.0154985, 0.00659456
0.0023356, 0.0166157, 0.00812824, -0.00317851, -0.0148701, 0.00777219
0.00165858, 0.0159912, 0.00903846, -0.00244652, -0.0143971, 0.008698
0.00215898, 0.0159561, 0.00917093, -0.00305982, -0.0143095, 0.0086153
0.00190033, 0.0149462, 0.00994236, -0.00271802, -0.0136141, 0.00959205
0.00163226, 0.0153591, 0.00984159, -0.00268585, -0.0139737, 0.00926609
0.00139677, 0.016308, 0.00805812, -0.00233323, -0.0147536, 0.00777671
0.00155978, 0.0170817, 0.00504919, -0.00242194, -0.0157449, 0.00505446
0.00253136, 0.0178491, 0.0034604, -0.00332689, -0.0163618, 0.00373509
0.00153975, 0.0175753, 0.00215408, -0.00245028, -0.0161083, 0.00267179
0.00153739, 0.0183772, -0.000767438, -0.00252553, -0.0171563, -0.000231094
-0.000658055, 0.0193015, -0.00116198, -0.000382073, -0.0172871, -0.000373608
-0.00138675, 0.0185271, -0.00021937, 0.000325614, -0.0166157, 0.0005633
-0.00211673, 0.017947, 0.000815792, 0.000892569, -0.0164716, 0.00106273
-0.00228852, 0.0175635, 0.00199648, 0.000987615, -0.0159642, 0.0024192
-0.00507684, 0.0179289, -0.000276419, 0.00362544, -0.016688, 0.00038067
-0.00635183, 0.0178102, -0.00169911, 0.00473548, -0.016826, -0.000982715
-0.00647077, 0.0182957, -0.00427569, 0.00474706, -0.0170862, -0.00330359
-0.00806903, 0.0167202, -0.00430016, 0.00652387, -0.015979, -0.00326537
-0.00682448, 0.0143977, -0.00402877, 0.00537869, -0.013591, -0.00300865
-0.00604745, 0.0116606, -0.00291468, 0.00427592, -0.0109306, -0.00193272
-0.00379566, 0.00911112, -0.00223505, 0.0026909, -0.00836489, -0.00115484
-3.68869e-05, 0.0061221, -0.00102779, -0.000710903, -0.00652359, -0.00143993
0.00268884, 0.00447311, -0.000341015, -0.0029791, -0.0044139, 7.66967e-05
0.0068601, 0.00332734, -0.000705527, -0.00694433, -0.00342084, -0.000404452
0.0101391, 0.00181867, 0.000207415, -0.00972378, -0.00194183, 0.000428152
0.0120651, 0.00189554, -0.000455655, -0.0108754, -0.00183296, -0.000579712
0.00888683, 0.00134893, -0.00109293, -0.00867618, -0.00139556, -0.000990274
0.0061314, 0.000183255, 0.000259128, -0.00571705, -0.000465818, 8.52586e-05
0.000308059, 0.000102457, -0.000172161, -0.000574281, -0.000506574, -2.39058e-05
-0.00474063, -0.00123215, 0.00184566, 0.00359192, 0.000610578, 0.00187836
-0.00634289, -0.00161216, 0.00345892, 0.00532061, 0.00114275, 0.00317491
-0.0100267, -0.00226673, 0.00473328, 0.00829845, 0.0013569, 0.00411528
-0.0073941, -0.00308659, 0.00621647, 0.00588208, 0.00221642, 0.0059259
-0.00544381, -0.00297871, 0.00820052, 0.00459635, 0.00250881, 0.00743579
-0.00206872, -0.00332613, 0.00766159, 0.00117825, 0.00266993, 0.00689881
0.000518037, -0.00311026, 0.00753702, -0.000970859, 0.00256177, 0.00687383
0.00432983, -0.00219385, 0.00585255, -0.00462755, 0.00184382, 0.00508951
0.00578726, -0.00203037, 0.0052989, -0.00565441, 0.00182048, 0.0046376
0.00283485, -0.00202974, 0.00340988, -0.00292428, 0.00138118, 0.00285038
0.000170766, -0.00159959, 0.00139148, -0.000504474, 0.00105893, 0.00123877
-0.00184876, -0.00164427, 0.00159771, 0.00128891, 0.00104717, 0.00160872
-0.00255234, -0.000845741, -0.00162097, 0.00209117, 0.000314343, -0.0012392
-0.00171909, 0.000690534, -0.0054101, 0.00137671, -0.00120436, -0.00470136
-0.000770868, 0.000822505, -0.00712638, 0.000141186, -0.00166045, -0.00636596
0.000291381, 0.00149929, -0.00884749, -0.000379957, -0.00207115, -0.0077974
0.000690705, 0.000714179, -0.00661906, -0.000733952, -0.00125963, -0.00580757
-0.000319499, 0.000418243, -0.00530323, 1.36635e-05, -0.000994432, -0.00463347
-0.000155181, 2.14391e-05, -0.00451576, -0.000354931, -0.000593691, -0.00387076
0.000450201, 0.000608027, -0.00501132, -0.000980751, -0.00104685, -0.00450106
0.00270235, 0.000155473, -0.0043788, -0.00300269, -0.000627956, -0.00394834
0.00300841, -0.00173079, -0.00595748, -0.00287609, 0.000739048, -0.00539658
0.00383331, -0.00344827, -0.00624159, -0.00372308, 0.00239811, -0.00568622
0.00483354, -0.00551141, -0.00636612, -0.00451767, 0.00429092, -0.00592524
0.00525241, -0.0078485, -0.00526623, -0.00484463, 0.00644504, -0.00505875
0.00365953, -0.00936122, -0.00485316, -0.0030805, 0.00813769, -0.00483864
0.00381035, -0.0120003, -0.00539883, -0.00397418, 0.0102655, -0.00533684
0.00483514, -0.0137372, -0.00521514, -0.0043462, 0.0119219, -0.0051823
0.00326586, -0.0159366, -0.00469566, -0.0027316, 0.0138083, -0.00484715
0.003442, -0.0184039, -0.0047801, -0.00320153, 0.0158854, -0.00496014
0.00298423, -0.0197116, -0.00564498, -0.00272192, 0.0170061, -0.00571741
0.00042426, -0.0217666, -0.00619402, 0.000433056, 0.018698, -0.00591923
-0.000254947, -0.0214524, -0.00792004, 0.000998599, 0.0194589, -0.00730085
-0.000896164, -0.0233439, -0.00830992, 0.000944631, 0.0204543, -0.00800635
-0.000866812, -0.0244854, -0.00866336, 0.00120208, 0.0214846, -0.00868926
0.000404464, -0.0253442, -0.0087063, 0.000674946, 0.0227683, -0.00872281
0.00055856, -0.0279701, -0.0108493, -0.000147123, 0.0233698, -0.0102741
0.00235362, -0.0280098, -0.0120935, -0.00105167, 0.0240266, -0.0115147
0.00177215, -0.0284241, -0.013548, -0.00107524, 0.0240676, -0.0127512
0.00290803, -0.0282985, -0.0140829, -0.00198278, 0.0250003, -0.0138547
0.00361105, -0.0286061, -0.0153196, -0.0027463, 0.0245777, -0.0148447
0.00458234, -0.028755, -0.0151536, -0.00360542, 0.024835, -0.0147211
0.00513094, -0.0295738, -0.0156624, -0.00324148, 0.0250733, -0.015237
0.00330201, -0.0290007, -0.0142301, -0.00218454, 0.024965, -0.0137381
0.0018272, -0.0276893, -0.0130554, -0.00229406, 0.0249589, -0.0124498
0.00278521, -0.0287624, -0.0138684, -0.00202268, 0.0246053, -0.01339
0.00386651, -0.0277944, -0.0138006, -0.00287921, 0.0239752, -0.0134739
0.0033282, -0.0264574, -0.0152746, -0.00219757, 0.0230864, -0.0146492
0.00352435, -0.0264727, -0.015445, -0.00242675, 0.022738, -0.0145027
0.00464717, -0.0257711, -0.0149587, -0.00344889, 0.0224125, -0.0140808
0.00276006, -0.0254122, -0.0139822, -0.0028677, 0.0226011, -0.0136694
0.00567689, -0.0250406, -0.0145512, -0.00500831, 0.0216944, -0.0140362
0.00777682, -0.0252626, -0.0134075, -0.00624012, 0.0217509, -0.0130442
0.00683812, -0.0254317, -0.012048, -0.0064269, 0.0219216, -0.0115518
0.00998631, -0.0250401, -0.0110806, -0.00862809, 0.0216523, -0.010711
0.00725822, -0.0244639, -0.0115999, -0.00757469, 0.0217197, -0.0100694
0.0125628, -0.0229379, -0.0114852, -0.00849082, 0.0213724, -0.0103658
0.00762963, -0.0220864, -0.0100451, -0.00708697, 0.0211158, -0.00937507
0.00975184, -0.0253092, -0.00796824, -0.00803294, 0.021422, -0.00751756
0.00768789, -0.024903, -0.00678467, -0.00559875, 0.0211065, -0.00690923
0.00668781, -0.0254359, -0.00383921, -0.0046649, 0.0209643, -0.00492989
0.00181751, -0.0209869, -0.00620295, -0.00480571, 0.0206633, -0.00469871
0.00522208, -0.0222145, -0.00446076, -0.00451908, 0.0197697, -0.00417999
0.00593225, -0.0206323, -0.00761685, -0.00515373, 0.0181802, -0.00729702
0.00528456, -0.0206498, -0.00687756, -0.00437862, 0.0180892, -0.00638002
0.00611887, -0.0209987, -0.00765821, -0.0050344, 0.0175831, -0.00791493
0.0057396, -0.0228006, -0.00502772, -0.00525567, 0.0177977, -0.00797233
0.00549928, -0.0200742, -0.00840739, -0.00499881, 0.0176969, -0.00829386
0.00592453, -0.020562, -0.00730867, -0.00510057, 0.0179322, -0.00792219
0.00589369, -0.0206965, -0.00676138, -0.00489838, 0.0177331, -0.00745012
0.00345225, -0.0179588, -0.00507585, -0.00437655, 0.0179806, -0.00452383
0.00788209, -0.0235766, -0.00450211, -0.00401129, 0.0171536, -0.00339744
0.00619957, -0.0189272, -0.00359148, -0.00505434, 0.0158055, -0.00364618
0.00511027, -0.0167718, -0.00436121, -0.00404853, 0.0144207, -0.00414762
0.0043787, -0.0150487, -0.00363384, -0.00493742, 0.0129461, -0.00347341
0.00617062, -0.0126879, -0.00444473, -0.0054221, 0.0119777, -0.00385021
0.00441965, -0.0157019, -8.90522e-05, -0.00216156, 0.0116815, -0.00107102
-0.000621788, -0.0153641, 0.00550122, 0.000437914, 0.0124978, 0.00467178
-0.000809715, -0.0147543, 0.0117729, 0.000962114, 0.0125476, 0.0106763
-0.00080262, -0.0108981, 0.0108559, 0.000493565, 0.00992726, 0.00993409
-0.000543517, -0.00958996, 0.0104224, 0.000611589, 0.00791336, 0.00988459
-0.00527832, -0.00574059, 0.0149367, 0.00364999, 0.00642268, 0.0125914
-0.00660393, -0.00455274, 0.0158265, 0.00541773, 0.00322322, 0.0145023
-0.00730588, -0.000659535, 0.0166734, 0.00536641, 4.40244e-06, 0.0147995
-0.00434831, 0.0044478, 0.0141161, 0.00367691, -0.00369754, 0.0133564
-0.00421418, 0.00936876, 0.0100527, 0.00224628, -0.00847635, 0.00880913
0.000684688, 0.0128939, 0.00603652, -0.00143175, -0.0115936, 0.00592955
0.00364687, 0.0171794, 0.000521307, -0.0046145, -0.0151008, 0.00139112
0.00591769, 0.0174523, 0.000568464, -0.00580654, -0.0164085, 0.000832085
0.00560726, 0.0195275, -0.00021511, -0.00551736, -0.0177164, 0.000241991
0.0041672, 0.0180688, -0.00101404, -0.00519946, -0.0187865, -0.000417257
0.00159381, 0.0256372, -0.0013888, -0.00334882, -0.0195914, -0.000717257
0.00295596, 0.0212461, 5.31798e-05, -0.00355867, -0.0193518, 0.000690361
0.00122654, 0.0209824, 0.0019786, -0.00187223, -0.0192886, 0.0025423
0.00144209, 0.0205852, 0.00279689, -0.00248761, -0.0187931, 0.00318237
-0.00206091, 0.0200278, 0.0068315, 0.000266122, -0.0174646, 0.00657916
-0.00548971, 0.0178139, 0.00986625, 0.00283252, -0.0164206, 0.00896899
-0.00788909, 0.0163904, 0.0111987, 0.00568577, -0.0154038, 0.0104564
-0.00884968, 0.015239, 0.0128588, 0.00669096, -0.0144247, 0.0120048
-0.00946579, 0.0158555, 0.0120084, 0.00730328, -0.0147445, 0.0110424
-0.00846885, 0.0153465, 0.0110399, 0.006144, -0.0142961, 0.010413
-0.00749602, 0.0150096, 0.0110897, 0.0057957, -0.013871, 0.0107649
-0.00618975, 0.0149856, 0.0129122, 0.00383341, -0.0133794, 0.0120805
-0.00446085, 0.0149428, 0.0112923, 0.00261481, -0.0137804, 0.0105437
-0.00165401, 0.0141968, 0.0110895, -5.17487e-06, -0.0136127, 0.0106978
-0.00089559, 0.0149501, 0.0103031, -0.000835673, -0.0135687, 0.00917285
0.000413005, 0.0145899, 0.011932, -0.00157971, -0.0132413, 0.0111789
0.00093982, 0.0132947, 0.0123109, -0.00269765, -0.01276, 0.0107826
0.00246237, 0.0134035, 0.013926, -0.00307471, -0.0118813, 0.0134625
0.00327699, 0.0133222, 0.0149015, -0.004023, -0.0120774, 0.0137282
0.00290892, 0.0136183, 0.0144021, -0.00343323, -0.0125484, 0.0133889
0.00310866, 0.0143124, 0.012915, -0.00384191, -0.0130808, 0.0120264
0.0042458, 0.0152569, 0.0128519, -0.00500087, -0.0137415, 0.0118784
0.00333064, 0.0161515, 0.0105442, -0.00345527, -0.0144058, 0.00973481
0.00541614, 0.0177466, 0.00419198, -0.00594051, -0.0161398, 0.00440993
0.00823322, 0.0203827, -0.00302633, -0.00841429, -0.0187816, -0.00226005
0.00963538, 0.021898, -0.00863707, -0.00958301, -0.02026, -0.00752116
0.00817162, 0.0222238, -0.0105377, -0.00839733, -0.0206582, -0.00933718
0.0110852, 0.0209759, -0.00723334, -0.0110933, -0.0193576, -0.00621566
0.0100673, 0.0203533, -0.00633594, -0.00991439, -0.0186339, -0.0053167
0.0111929, 0.019697, -0.00533901, -0.0102227, -0.0181264, -0.00446841
0.00898459, 0.0183146, -0.00471515, -0.00898317, -0.0169217, -0.00393365
0.00646928, 0.0152793, -0.00294068, -0.00685841, -0.0142605, -0.00235047
0.000952806, 0.0120738, 0.000541402, -0.00166642, -0.0112695, 0.000761832
-0.00428087, 0.0091921, 0.00309565, 0.00332875, -0.00879975, 0.00315636
-0.00517927, 0.00762148, 0.0031823, 0.0038973, -0.00736231, 0.0031706
-0.00508428, 0.00677388, 0.002921, 0.0040693, -0.00573102, 0.00278767
-0.00479106, 0.00448858, 0.00259532, 0.00351152, -0.0044572, 0.00258904
-0.00377219, 0.00343215, 0.00242751, 0.00259271, -0.00364736, 0.00248259
-0.00449099, 0.00234064, 0.00134773, 0.00334303, -0.00268059, 0.00144151
-0.00305943, 0.00174309, 0.00134323, 0.00207175, -0.00215645, 0.00144968
-0.00199731, 0.0022029, 0.00113804, 0.00188589, -0.00108295, 0.00113805
-0.00213174, 0.000288825, 0.000108568, 0.00135654, -0.000883413, 0.000173927
-0.000768139, -0.000899685, 0.00098329, 0.000216486, 0.000398657, 0.00100908
-0.000265709, -4.84201e-05, 0.000194461, -0.000281607, -0.000522005, 0.000352534
0.00236943, 0.00320583, -0.000365145, -0.00243384, -0.00146815, -0.000643252
0.00166878, 0.00321787, -0.000913182, -0.00196974, -0.00295262, -0.000637933
0.00178976, 0.00371185, 0.000184067, -0.00218876, -0.00372678, 0.00037397
0.000724143, 0.00481347, 0.00137741, -0.00121852, -0.00471051, 0.00145246
0.00135469, 0.00506866, 0.00334934, -0.00203809, -0.00484478, 0.00327314
-0.000477371, 0.00434898, 0.00368918, 0.000170504, -0.00407462, 0.00342289
-8.60959e-05, 0.00288745, 0.00564357, -0.000358449, -0.00306248, 0.00522584
-0.00175822, 0.00239793, 0.00493078, 0.0010043, -0.00251848, 0.00450439
-0.000443245, 0.00241392, 0.00351064, -0.000349697, -0.00257549, 0.00326066
0.000227768, 0.00231399, 0.00260939, -0.00101973, -0.00243768, 0.00247413
-0.000391782, 0.00235546, 0.00160701, -0.000415565, -0.00250739, 0.00162659
0.00135182, 0.00266601, 0.000248698, -0.001667, -0.00282969, 0.000278588
0.00261401, 0.0026721, -0.00134134, -0.00300003, -0.00289267, -0.00116762
0.0026091, 0.00321499, -0.0024725, -0.00284179, -0.00334228, -0.00210705
0.00351886, 0.0027887, -0.00315235, -0.00355226, -0.00295172, -0.00271936
0.00258646, 0.00216112, -0.00288083, -0.00263351, -0.00246247, -0.00248468
0.00330327, 0.00249064, -0.00356715, -0.00334055, -0.00241749, -0.0032075
0.00150511, 0.00270971, -0.00529783, -0.00204517, -0.00285995, -0.00448788
0.000146232, 0.00343643, -0.00817011, -0.000672517, -0.00374272, -0.00723169
-0.00171367, 0.00448372, -0.0108493, 0.00135696, -0.00489701, -0.00966927
-0.000953964, 0.00405821, -0.0100903, 0.000419642, -0.004346, -0.00873728
0.000754805, 0.00220379, -0.00781445, -0.000985185, -0.00376076, -0.00701896
-0.000695439, -0.000431386, 0.00314995, 5.29179e-05, -0.000239951, 0.00297973
-0.00286014, -0.00101828, 0.00602656, 0.00197307, 0.000470519, 0.00522867
-0.00354978, -0.00328679, 0.0140042, 0.00233519, 0.00272529, 0.0125949
-0.00605307, -0.00181758, 0.015619, 0.00459644, 0.00128332, 0.0139019
-0.0108543, -0.0021592, 0.0208556, 0.00857568, 0.00165225, 0.0188071
-0.0109086, -0.000975562, 0.0222689, 0.00894911, 0.000743502, 0.0206922
-0.0103106, 0.0018266, 0.0199728, 0.00822711, -0.00194868, 0.0180482
-0.00954769, 0.00311099, 0.0188188, 0.00733738, -0.00299481, 0.017116
-0.00899426, 0.00393847, 0.0164552, 0.00762766, -0.00389089, 0.0149896
-0.00957917, 0.00385385, 0.0160274, 0.00794401, -0.00371456, 0.0147571
-0.00916264, 0.00559658, 0.0126871, 0.00755481, -0.00495076, 0.0114517
-0.00779035, 0.00612036, 0.00771608, 0.0061352, -0.00617117, 0.0071546
-0.00360461, 0.00835461, 0.000334274, 0.00279789, -0.00786946, 0.00106522
0.0116142, 0.0132766, -0.0166848, -0.0107868, -0.0127998, -0.015504
0.0194222, 0.013837, -0.0207394, -0.0174592, -0.0126493, -0.0185095
0.0228646, 0.0125652, -0.0183673, -0.0212343, -0.0113805, -0.0168044
0.0246495, 0.0121422, -0.0161125, -0.0222852, -0.00957897, -0.0142901
0.0203817, 0.00649509, -0.0119193, -0.018622, -0.00680036, -0.0101978
0.0153921, 0.00497662, -0.00703503, -0.0144638, -0.00479704, -0.00630039
0.00741326, 0.00319698, -0.00377566, -0.00728165, -0.00333554, -0.00340748
0.0033127, 0.00231121, -0.00230147, -0.00366389, -0.00257873, -0.00211529
-0.00247638, 0.00254374, 0.000155283, 0.00153052, -0.0030208, 0.000406108
-0.00386317, 0.00335132, 0.00220293, 0.00272835, -0.00331627, 0.00237642
-0.00383082, 0.0037476, 0.00560161, 0.00308258, -0.00363207, 0.00499317
-0.00212363, 0.00356945, 0.0101921, 0.00120883, -0.00349365, 0.00937386
-0.00218958, 0.00457615, 0.0118179, 0.00100004, -0.00425487, 0.0109768
0.000154274, 0.00570504, 0.0143361, -0.00112475, -0.00506053, 0.0129204
0.00121418, 0.00774113, 0.0159612, -0.0021361, -0.00683757, 0.0145324
0.00208439, 0.0118829, 0.0108789, -0.0029233, -0.0107069, 0.0101814
0.00210131, 0.0148418, 0.00853615, -0.00281173, -0.01328, 0.00817153
0.00179419, 0.0171011, 0.00733022, -0.0026885, -0.0154049, 0.00717268
0.00080196, 0.0182958, 0.00709169, -0.00204365, -0.0166957, 0.00707474
-0.00140624, 0.0194523, 0.00705481, -0.000387949, -0.0176584, 0.00708304
-0.00227647, 0.0193149, 0.00908179, 0.00114596, -0.0179023, 0.00870575
-0.00490845, 0.0194632, 0.00962904, 0.00339427, -0.01808, 0.00918819
-0.00410804, 0.0199561, 0.0099133, 0.00237845, -0.0182057, 0.00941888
-0.00308565, 0.0189044, 0.0122417, 0.00156406, -0.0172633, 0.0116925
-0.00453242, 0.018402, 0.0123418, 0.00281407, -0.0167755, 0.0116986
-0.00702065, 0.0172196, 0.0118436, 0.00496327, -0.0160288, 0.0113847
-0.0133694, 0.0174641, 0.0107336, 0.0104236, -0.0159911, 0.0103535
-0.0191638, 0.0181009, 0.00672974, 0.0146934, -0.0164153, 0.00676827
-0.0232269, 0.0179517, -0.00142367, 0.0203067, -0.0174976, -0.000417331
-0.019408, 0.017547, -0.00982548, 0.0174412, -0.0182182, -0.00766958
-0.0187237, 0.0181257, -0.0120317, 0.015425, -0.0169397, -0.0101239
-0.0149888, 0.0155224, -0.0134869, 0.0129984, -0.0150602, -0.0112756
-0.00709791, 0.0129144, -0.0115797, 0.00579506, -0.0123122, -0.0100483
0.00603693, 0.0114648, -0.0142478, -0.00591025, -0.0111509, -0.0121809
0.0183118, 0.0083767, -0.0122133, -0.0168057, -0.00795832, -0.0108438
0.0260367, 0.00662138, -0.00842074, -0.0235219, -0.00585358, -0.00849809
0.0325318, 0.00334416, -0.00432747, -0.0294806, -0.00296808, -0.00382657
0.0369211, 0.00138155, -0.000385811, -0.0334645, -0.000625724, -0.000716208
0.0372766, -0.000701405, 0.00494793, -0.0333817, 0.00124819, 0.00411684
0.0366215, -0.00189691, 0.00561717, -0.0326309, 0.00238516, 0.00452871
0.0324136, -0.00222706, 0.00627212, -0.0297182, 0.00259995, 0.00495603
0.0206331, -0.00489654, 0.0111032, -0.0187767, 0.00472835, 0.0100085
0.0105102, -0.00495452, 0.0111626, -0.0102065, 0.00468639, 0.0102386
-0.0090076, -0.00597703, 0.0130661, 0.00714544, 0.00500975, 0.0112991
-0.021291, -0.00611206, 0.0142045, 0.0186187, 0.00505878, 0.0130519
-0.0247743, -0.00697472, 0.0145592, 0.0201535, 0.0053313, 0.0143248
-0.0267082, -0.00617436, 0.0152298, 0.0237709, 0.00485752, 0.0143413
-0.0278237, -0.0053382, 0.0146436, 0.0244166, 0.00389608, 0.0132021
-0.0252473, -0.00264745, 0.00981433, 0.0217202, 0.00171375, 0.00886404
-0.0198958, -0.000530622, 0.00563009, 0.0166272, 0.000156437, 0.00587969
-0.0130461, 0.00111772, 0.00172371, 0.0113116, -0.00182322, 0.00167727
0.00245484, 0.00375429, -0.00585001, -0.00242302, -0.0038318, -0.0049237
0.0124664, 0.00706916, -0.016133, -0.0122332, -0.00678995, -0.0143311
0.0237476, 0.00757001, -0.019161, -0.0210955, -0.00750063, -0.0180319
0.0263287, 0.00520975, -0.0151613, -0.0236606, -0.00498416, -0.0138543
0.0233108, 0.00426858, -0.013049, -0.0212526, -0.00415172, -0.0119302
0.0170906, 0.0033405, -0.00872543, -0.0161757, -0.00313036, -0.00825898
0.00291895, 0.00157025, -0.00415661, -0.00361546, -0.00170666, -0.00371463
-0.0142809, 0.000886399, -0.0029891, 0.0128409, -0.00179998, -0.00240506
-0.0211571, 0.000322975, -0.00136437, 0.0185583, -0.00139707, -0.000924858
-0.0222611, -0.000427306, 0.00143188, 0.0200611, -0.000543047, 0.00209055
-0.0236934, -0.00383173, 0.0126523, 0.0196966, 0.00288072, 0.0114889
-0.018706, -0.00505501, 0.0148084, 0.0165165, 0.00395621, 0.0132868
-0.0127548, -0.00549501, 0.0168414, 0.0104841, 0.00451742, 0.0146494
-0.00359688, -0.00374851, 0.0120105, 0.00279449, 0.00334612, 0.0112124
0.00535974, -0.00207065, 0.00670581, -0.00553341, 0.00175313, 0.00578956
0.0125268, 3.17721e-05, 0.000828122, -0.0118308, 4.58567e-05, 0.000534294
0.0212496, 0.00264637, -0.00820642, -0.0195839, -0.00263434, -0.00788844
0.0265617, 0.00337381, -0.0121752, -0.0242654, -0.00307699, -0.0110512
0.0259798, 0.00318867, -0.0126196, -0.0242477, -0.00318995, -0.0122065
0.0227006, 0.00311108, -0.0124611, -0.019736, -0.00299273, -0.0110942
0.0123855, 0.00238304, -0.0105538, -0.0116297, -0.00277061, -0.00976498
0.00106237, 0.00167697, -0.00735858, -0.00181363, -0.00190271, -0.00619414
-0.0110454, 0.00114871, -0.00421066, 0.00945651, -0.0018662, -0.00367589
-0.0182494, 0.000576786, -0.00307026, 0.0156682, -0.00153686, -0.00240428
-0.0199621, 0.000263433, -0.00250173, 0.0173044, -0.00125806, -0.00178514
-0.0169824, -0.000349033, 0.00113902, 0.0147847, -0.000646059, 0.00123097
-0.022022, -0.00157276, 0.00432748, 0.0191423, 0.000813844, 0.00438143
-0.0247859, -0.0025672, 0.00672584, 0.0212408, 0.00145515, 0.00640897
-0.0268423, -0.00151286, 0.00503501, 0.0236444, 0.000343848, 0.00486564
-0.0257601, -0.00156924, 0.00456031, 0.0227583, 0.000531074, 0.00448814
-0.0189782, 0.000126963, 0.000951289, 0.0164369, -0.000861591, 0.00122203
-0.0113642, 0.00132482, -0.00309889, 0.0100021, -0.00233438, -0.00242205
-0.00212969, 0.00234224, -0.00536365, 0.00190763, -0.00281199, -0.00475249
0.0091017, 0.0020731, -0.00458592, -0.0089647, -0.00228159, -0.00420621
0.0203349, 0.00188149, -0.00316727, -0.0188088, -0.00174138, -0.00315306
0.028108, 0.00112987, -0.00169276, -0.0257325, -0.000789852, -0.00191704
0.0346522, 0.000880204, -0.00131053, -0.0308214, -0.000500834, -0.00194148
0.034406, 0.00100054, -0.000638405, -0.031834, -0.00061801, -0.00125375
0.0339784, 0.00103103, -0.000655569, -0.0309303, -0.000577976, -0.00127334
0.0270688, 0.00108588, -0.00163819, -0.0253678, -0.000630223, -0.00121435
0.0226584, 0.00104802, -0.000481066, -0.0211028, -0.000827998, -0.000859945
0.0184665, 0.000867646, -0.000164524, -0.0169993, -0.000688438, -0.000348094
0.0167644, 0.000624688, 0.000713559, -0.0158477, -0.000577693, 0.000581912
0.013042, -0.000194382, 0.00352237, -0.0122022, 0.000183736, 0.00295833
0.00810425, -0.00179872, 0.00745002, -0.00871479, 0.00160911, 0.00692487
0.00179525, -0.00168637, 0.00898614, -0.00187859, 0.0014435, 0.0086252
-0.00288398, -0.00289883, 0.0114596, 0.00180999, 0.00231258, 0.00989382
-0.00675545, -0.00301492, 0.0119886, 0.00533361, 0.0023239, 0.0106569
-0.0139283, -0.00231362, 0.00964203, 0.0113889, 0.00141087, 0.00854716
-0.0214819, -0.00248386, 0.0102958, 0.0182334, 0.00173028, 0.0096338
-0.0293475, 0.00022768, 0.00257867, 0.0256598, -0.00159424, 0.00240792
-0.0338223, 0.000314925, 0.00257257, 0.0291388, -0.00151714, 0.00260139
-0.0393573, 0.00119398, 0.000484398, 0.0345287, -0.0025984, 0.00119484
-0.0394283, 0.00226002, -0.000482008, 0.0346043, -0.00346844, 0.000108353
-0.0374077, 0.00269721, -0.000673283, 0.0328057, -0.00367777, 0.000273456
-0.0343654, 0.00325068, -0.000266594, 0.0303839, -0.00407412, 0.000598192
-0.0300765, 0.00373791, 0.000427331, 0.0259042, -0.00426997, 0.00136616
-0.0235837, 0.00346872, 0.000591337, 0.0216556, -0.00442053, 0.000966344
-0.0156972, 0.00578096, -0.00296382, 0.0128452, -0.00595388, -0.00247823
-0.000399691, 0.00691231, -0.00786631, 0.000319468, -0.00733286, -0.00729305
0.0166439, 0.00687319, -0.00907639, -0.0158352, -0.00639998, -0.0080802
0.0265053, 0.00624275, -0.00829865, -0.0243592, -0.00560091, -0.00761895
0.0287816, 0.00359193, -0.0035027, -0.026107, -0.00303339, -0.0034579
0.0266248, 0.00186162, 0.00138772, -0.0237956, -0.00134809, 0.00068212
0.0222066, -0.000152294, 0.00489076, -0.021294, 0.000638319, 0.0043663
0.0205165, -0.00269468, 0.00844572, -0.0190217, 0.00271962, 0.00725328
0.0144996, -0.00484593, 0.00865424, -0.0136145, 0.00438269, 0.00707353
0.00964083, -0.00918929, 0.0133785, -0.00958522, 0.00844309, 0.0118664
0.0065674, -0.0109466, 0.00963628, -0.00640919, 0.00981582, 0.00820722
0.00215414, -0.0122914, 0.00644135, -0.0021103, 0.0106797, 0.00551203
0.000685482, -0.0141514, 0.00383321, -0.000957993, 0.0124003, 0.00294961
-0.000612411, -0.0149656, -0.00018326, 0.00037463, 0.012867, -0.00054163
-0.000288828, -0.0157502, -0.0025759, 3.99551e-05, 0.0137142, -0.00276339
-0.000883213, -0.0160249, -0.00633934, 0.00095946, 0.0139082, -0.00588882
0.000859258, -0.0170845, -0.00865053, -0.000573714, 0.0142658, -0.00818842
0.00150031, -0.0171667, -0.0113046, -0.00115668, 0.014618, -0.0106407
0.00233156, -0.0180768, -0.013782, -0.00145352, 0.0156882, -0.0126993
0.00482228, -0.0183055, -0.0164418, -0.00374052, 0.0158998, -0.0152013
0.00531445, -0.0193951, -0.0161792, -0.00436628, 0.0169816, -0.0150974
0.00502465, -0.0213323, -0.0144794, -0.00417568, 0.0183768, -0.0136376
0.00520688, -0.0225854, -0.011299, -0.0045217, 0.0196569, -0.011008
0.00435704, -0.0235854, -0.0090519, -0.0035317, 0.0204864, -0.00863195
0.00419304, -0.022539, -0.0088421, -0.00375271, 0.0197145, -0.00870473
0.00354681, -0.0212558, -0.00730185, -0.0032613, 0.0185902, -0.00708217
0.00274798, -0.0187392, -0.00624924, -0.00225273, 0.0163483, -0.00571949
0.00265215, -0.0164901, -0.00371887, -0.00222515, 0.0139611, -0.00404109
0.00144428, -0.0146948, 0.000579487, -0.00143766, 0.0127625, 2.62168e-05
-0.00279461, -0.0131348, 0.00265477, 0.00216643, 0.0114536, 0.00212136
-0.0097529, -0.0107479, 0.00165789, 0.00817271, 0.00892795, 0.00147186
-0.00997399, -0.00768741, -0.000716108, 0.00800403, 0.00617942, -0.000704954
-0.010493, -0.00597176, -0.00272249, 0.00920159, 0.00405202, -0.00208731
-0.0084905, -0.00296921, -0.00439875, 0.00738033, 0.00194935, -0.00368395
-0.00877042, -0.00207515, -0.00354547, 0.00726407, 0.00108993, -0.00315046
-0.00733522, -0.00118787, -0.00225835, 0.0062979, 0.000589739, -0.00200929
-0.00790133, -0.000306553, -0.00220355, 0.00663766, -0.000580361, -0.00168696
-0.00635126, 4.23212e-06, -0.00234275, 0.0057537, -0.000892947, -0.00160517
-0.00576566, -0.00089866, -0.00180442, 0.00489949, 0.000271456, -0.00141203
-0.00387087, -0.00174322, -0.00190611, 0.00314848, 0.00101612, -0.00161634
-0.00226241, -0.00276802, -0.00207309, 0.00173089, 0.00195921, -0.00180224
0.000733025, -0.00321724, -0.00414692, -0.00111936, 0.00242061, -0.00407997
0.00125459, -0.0044395, -0.0050661, -0.00133115, 0.00347044, -0.00445072
0.0018981, -0.00521922, -0.00530701, -0.00152032, 0.00405799, -0.00460216
0.000595256, -0.00611925, -0.00573338, -0.000668537, 0.00479655, -0.00513644
0.000194237, -0.00626137, -0.00482418, -0.000446581, 0.0050615, -0.00457426
-0.000565404, -0.00619778, -0.00311058, 0.000344806, 0.00500765, -0.00280763
-0.000265662, -0.00485356, -0.00423533, 7.8256e-05, 0.00384798, -0.00383374
0.000787157, -0.00453218, -0.00211728, -0.0010956, 0.00371904, -0.00189158
0.00367126, -0.00407659, -0.00138105, -0.00373034, 0.00324636, -0.00134842
0.00447183, -0.00364371, -0.00127816, -0.00438778, 0.00287651, -0.00130038
0.0041777, -0.00309083, -0.00178204, -0.0041053, 0.00239784, -0.00171737
0.00393167, -0.0025674, -0.00142313, -0.00394395, 0.00203857, -0.00130328
0.00280608, -0.00240012, -0.000490941, -0.00297179, 0.00165928, -0.000483377
0.00178806, -0.00176714, -0.000810918, -0.00202162, 0.00108571, -0.000846654
0.0010912, -0.001475, -0.000167733, -0.00136951, 0.000957434, -0.000112541
0.00240829, -0.000780559, -0.000558634, -0.00268962, 0.000326842, -0.000505838
0.00223976, -0.00114612, 9.65354e-05, -0.00247193, 0.000714633, 0.000141464
0.00270555, -0.000130426, -0.00045672, -0.00313081, -0.000249957, -0.000409256
0.000104337, -0.000471062, 0.000550011, -0.000569162, -7.59636e-05, 0.000547976
-0.000770263, 3.41661e-05, -0.000129589, 0.000145703, -0.000367531, 3.0382e-05
-0.00179637, 0.000810264, -0.000491707, 0.00111991, -0.00128676, -0.000313497
-0.00169728, 0.000607603, -0.000278342, 0.00108463, -0.00102106, -0.000120993
-0.00147947, 0.000873881, -0.000317303, 0.0010195, -0.00129088, -0.00012955
-0.00140292, 0.00117569, -0.000152943, 0.000853358, -0.00159789, 5.57863e-05
-0.000846105, 0.000990463, -0.000448836, 0.000122227, -0.00136591, -0.000235166
-0.00178176, 0.00124868, -0.000233135, 0.00112773, -0.00164669, -0.000121087
-0.000923401, 0.00153077, -2.59271e-05, 0.000359446, -0.00191453, 9.49001e-05
-0.000327287, 0.0019957, 0.000295739, -0.000188296, -0.00226896, 0.000447629
0.000995822, 0.00227078, 0.00025078, -0.00150887, -0.00251521, 0.000362888
0.00017454, 0.00212752, 0.000651518, -0.000605417, -0.00237634, 0.000718235
0.00122862, 0.00182928, 0.00159934, -0.00187898, -0.00202416, 0.00162899
0.000127684, 0.00147673, 0.00141182, -0.000982148, -0.00168386, 0.0014072
-0.00347726, 0.00116114, 0.00197268, 0.00248197, -0.00158575, 0.00186266
-0.00456137, 0.000218059, 0.0041518, 0.00363587, -0.00067198, 0.00382861
-0.00272963, -0.000503094, 0.00654874, 0.0021311, 9.79083e-05, 0.00603027
-0.00132691, -0.000527896, 0.00604027, 0.000508185, 0.000167548, 0.00535416
0.00125008, -0.00174765, 0.00875096, -0.00179272, 0.0014818, 0.00792464
0.00260363, -0.00185702, 0.00788211, -0.00315077, 0.00149032, 0.0071017
0.00260203, -0.00243402, 0.00843365, -0.00291141, 0.00215622, 0.0075977
0.00187311, -0.00231914, 0.00714113, -0.00221618, 0.00186821, 0.0062448
0.00268517, -0.00160828, 0.00417178, -0.00313539, 0.00124834, 0.00368249
0.00169042, -0.000468144, 0.000541953, -0.00216511, 3.36497e-05, 0.000412267
0.000430366, 0.000631934, -0.002695, -0.000716384, -0.00103485, -0.00238637
0.00119849, 0.00224719, -0.00746465, -0.00145356, -0.00265277, -0.00669642
0.00269887, 0.00292921, -0.00920601, -0.0029194, -0.00321671, -0.00819758
0.00300077, 0.0032583, -0.00982853, -0.00303899, -0.0036174, -0.00870059
0.000353838, 0.00336576, -0.0103222, -0.000736206, -0.00375419, -0.00907042
-0.00354371, 0.00248178, -0.00743944, 0.00272222, -0.00299366, -0.00632496
-0.00441111, 0.00151294, -0.00405944, 0.00354397, -0.00212814, -0.00355415
-0.00512789, 0.000210966, -0.000515447, 0.00404263, -0.000842431, -0.000510948
-0.00517518, -0.00158692, 0.00486393, 0.00409065, 0.00101094, 0.00448892
-0.00315948, -0.00283523, 0.00853122, 0.00209931, 0.00230585, 0.00775796
-0.00182602, -0.00281365, 0.00830862, 0.00104589, 0.00230311, 0.00747087
-0.00209895, -0.00206402, 0.00628165, 0.00132832, 0.00151215, 0.00560904
0.000510928, -0.00154081, 0.00559452, -0.00102628, 0.00113285, 0.00507057
0.000882478, -0.0013287, 0.00529325, -0.00142929, 0.000993746, 0.0048817
0.0029556, -0.00127187, 0.00514188, -0.0035988, 0.000966427, 0.00473526
0.00223284, -0.00092956, 0.00323026, -0.00248579, 0.000539511, 0.00286675
0.00184883, -0.000835603, 0.00276455, -0.00210591, 0.00042963, 0.00254401
0.0011789, -0.000884624, 0.00216314, -0.00150074, 0.00049589, 0.00200548
0.00168511, -0.000824242, 0.00130457, -0.00214535, 0.000369438, 0.00113091
-0.000407656, -0.000850741, 0.00158164, -0.000121155, 0.000368032, 0.00140361
0.000428138, -0.000663831, 0.000902919, -0.000946042, 0.000453268, 0.000787536
-0.000596738, 0.00212457, -0.00174867, -0.0013886, -0.00102841, -0.00337295
-0.00886427, 0.0112677, -0.0151956, -0.00541622, -0.00419561, -0.0103783
-0.0021405, 0.011074, -0.0224136, -0.00785943, -0.0102407, -0.0198309
-0.000348653, -0.0064535, 0.00502585, 0.00127766, 0.00287128, 0.00768194
0.0161522, 0.0043387, -0.00734472, -0.00830589, -0.00542226, -0.00881161
0.0219526, 0.0044827, -0.00718728, -0.00477121, -0.00573444, -0.00943036
-0.000359777, 0.00553177, -0.0102281, 8.4717e-05, -0.00570913, -0.00892976
-0.0267552, 0.00669719, -0.00389959, 0.00166512, -0.00489953, 0.00310718
0.00144397, -0.0081165, 0.0336278, -0.00179535, 0.00865565, 0.0321844
-2.11167e-05, 0.00280997, -0.011908, -0.0021042, -0.00289555, -0.0110716
-0.000967665, 0.000402088, -0.00205689, 0.00230987, -0.00108324, -0.0014169
-0.00243887, 0.000374056, 4.33426e-05, 0.0020487, -0.000450084, 0.00109866
0.00416249, -0.000619652, 0.00117822, -0.00318137, -8.37542e-05, 0.000410547
0.000829031, -0.000955186, 0.00367197, -0.00215438, 0.000869434, 0.00392867
-0.00120223, 0.00158822, -0.0056059, 0.000735792, -0.00219121, -0.00518534
-0.000149547, -0.00115175, 0.00402866, 0.000110905, 0.000713037, 0.0037738
-0.000457156, 0.000557187, -0.00220846, -0.000445395, -0.0010577, -0.00211293
0.00146342, -0.000485076, 0.00210936, -0.00176533, 0.000180424, 0.00217515
-0.000326936, 0.000480628, -0.00189289, -9.03337e-05, -0.00105022, -0.00191329
-0.000436459, -0.000470343, 0.00182213, -0.000158904, 4.765e-05, 0.00188735
0.000149222, 0.00027911, -0.00115152, -0.000608896, -0.000789918, -0.00114288
0.000308652, -0.000208649, 0.00084034, -0.000799323, -9.69626e-05, 0.00112028
-0.00013466, 0.000204529, -0.000712572, -0.000353335, -0.000734762, -0.000682594
-0.000204947, -0.000217083, 0.00071559, -0.000164734, -0.000207364, 0.000855077
0.000440412, 0.0001803, -0.000706967, -0.000965728, -0.000626521, -0.00057835
-0.000200129, -0.000119969, 0.000680568, -0.000305236, -0.000352626, 0.000754699
-0.000146909, 5.51923e-05, -0.000535583, -0.000388621, -0.000475817, -0.000418671
0.00014168, -6.12196e-05, 0.000379794, -0.000597922, -0.000350484, 0.000471201
8.99686e-05, 0.00013958, -0.000322329, -0.000557377, -0.000601372, -0.000238319
-6.67498e-05, -0.000164205, 0.000268912, -0.000462144, -0.000231579, 0.000350668
-3.99817e-05, 0.000107495, -0.000238901, -0.000441691, -0.00060027, -0.000127158
0.000160162, -3.23932e-05, 0.000236085, -0.000616371, -0.000380495, 0.00031322
-0.000125607, 4.37973e-05, -0.000142963, -0.000330102, -0.000507669, -6.00442e-05
3.80839e-05, -4.4253e-05, 0.000147382, -0.000513823, -0.00039867, 0.000273117
1.52466e-05, 2.30243e-05, -0.000103924, -0.000552683, -0.00047254, 2.19596e-05
8.87647e-06, -6.56799e-05, 9.35953e-05, -0.000424906, -0.000379745, 0.000177925
8.64873e-06, -1.91062e-05, -1.58441e-05, -0.000543253, -0.000444552, 9.79401e-05
1.60166e-05, -2.76878e-05, 2.13235e-05, -0.000488127, -0.000396873, 0.000154117
-7.6067e-06, -8.78749e-06, 3.73349e-06, -0.000466441, -0.000450486, 0.000116954
6.61944e-06, -1.91645e-05, 3.04111e-05, -0.000494367, -0.000466136, 0.00017164
-3.53801e-05, 2.80636e-05, 2.20109e-05, -0.000505572, -0.000502115, 0.000123694
-2.75206e-05, 7.05087e-05, 1.85848e-05, -0.000482487, -0.000598179, 0.000136592
2.61821e-05, 4.02249e-05, -3.46656e-05, -0.000548721, -0.000579447, 8.05444e-05
6.57787e-05, 2.54243e-05, 3.38569e-05, -0.00053381, -0.000527886, 0.00012464
-9.2118e-05, -1.54389e-05, 1.34003e-05, -0.000429497, -0.000441679, 0.000141205
-2.02981e-05, -1.07318e-05, 3.33646e-05, -0.000471558, -0.000446889, 0.000118758
0.000111369, 1.28419e-07, -1.58885e-05, -0.000607582, -0.00042358, 6.29371e-05
-6.34904e-05, -1.57078e-05, -8.06347e-06, -0.000430802, -0.000402595, 9.99893e-05
4.00815e-05, -1.90653e-05, 4.9822e-05, -0.000525556, -0.000450186, 0.000162708
-5.39742e-06, 8.04106e-06, -7.13602e-05, -0.000489244, -0.000440085, 3.31119e-05
-1.42525e-05, -7.33504e-06, 4.08805e-05, -0.000472671, -0.00040823, 0.000128244
-5.6941e-06, -2.50014e-06, -5.34883e-06, -0.00049435, -0.000442274, 8.03152e-05
-1.55075e-05, 1.99418e-05, -2.59135e-05, -0.000482434, -0.000460387, 6.32785e-05
3.22881e-05, -2.63469e-05, 7.18483e-05, -0.00049373, -0.000421174, 0.000154866
-3.32255e-05, 1.75332e-05, -6.97086e-05, -0.000460095, -0.000473863, 2.68538e-05
